"","M0000000093","M0000000275","M0100001073","M0100001208","M0100001287","M0100001416","M0100001426","M0100001730","M0100002910","M0100003695","M0100004089","M0100006379","M0100020214","M0100020371","M0100020487","M0100021093","M0100022041","M0999912117","M0999925422","X11117_2","X12020_39","X13463_1","X13998_26","X17761_2","X2944_66","X4464_10","X5508_62","X7861_9","X8368_102","X9021_1","X9829_91","ENSG00000055609.20","ENSG00000066739.12","ENSG00000068650.18","ENSG00000070961.16","ENSG00000071054.16","ENSG00000072364.13","ENSG00000075539.15","ENSG00000080503.24","ENSG00000082701.17","ENSG00000084623.12","ENSG00000084676.15","ENSG00000085224.23","ENSG00000099795.7","ENSG00000100216.6","ENSG00000100220.12","ENSG00000100354.21","ENSG00000100836.10","ENSG00000108510.10","ENSG00000114127.11","ENSG00000115020.17","ENSG00000115464.15","ENSG00000116586.12","ENSG00000117362.13","ENSG00000117625.14","ENSG00000121741.17","ENSG00000123104.12","ENSG00000124222.22","ENSG00000131503.21","ENSG00000132466.19","ENSG00000133858.17","ENSG00000134153.10","ENSG00000135390.21","ENSG00000136044.12","ENSG00000137817.17","ENSG00000138688.16","ENSG00000143164.15","ENSG00000143575.15","ENSG00000147162.14","ENSG00000155115.7","ENSG00000155849.16","ENSG00000157106.17","ENSG00000157764.14","ENSG00000159596.7","ENSG00000160584.16","ENSG00000162869.16","ENSG00000164081.13","ENSG00000165671.21","ENSG00000166747.13","ENSG00000169246.16","ENSG00000171634.18","ENSG00000173575.22","ENSG00000180879.14","ENSG00000184840.12","ENSG00000185864.16","ENSG00000187742.15","ENSG00000207233.1","ENSG00000215421.9","ENSG00000230590.11","ENSG00000237550.5","ENSG00000239183.1","ENSG00000239665.8","ENSG00000242588.6","ENSG00000252464.1","ENSG00000253729.8","ENSG00000264343.6","ENSG00000271204.1","ENSG00000271533.1"
"M0000000093",0,0.0155016486778794,0.0027416494426255,0.00818412873677773,0.0060817090271374,0.0199214975807776,0.0218198539133711,0.0123041525257927,0.00891695056426605,0.00943902979933521,0.00105889414236527,0.0194011982530039,0.00201194899587737,0.00222558684576377,0.00997190419008611,0.00334434710815213,0.0206272673759038,0.00896401086427534,0.0102272602855594,0.00249536087237509,0.0106105285560261,0.0293517032210043,0.0010920861614251,0.00630064902520723,0.0299390315219351,0.000879852202634556,0.000828617050368401,0.0180236681302279,0.0221341750023271,0.0047679192260766,0.000837941243571905,0.00189465004458797,0.00579998403590707,0.00139892465598626,0.000131831081812519,0.00350993423497768,0.00505501448104668,0.00388697280354003,0.00155451525892139,0.00161747938181085,0.00514225023037996,0.00123328887706973,0.00212369332094634,0.00124511434466067,0.00141593335033964,0.000314591050957323,0.00339406038436002,0.000913097924766625,0.00399550679383681,0.00672473966954298,0.00442180197914563,0.00680201171069964,0.000817154583608619,0.00136328751549317,0.000603249419775898,0.00102177621633335,0.00383141741449029,0.00737291429453772,0.00345853982738015,0.00329554208608529,0.0105072696450288,0.00951630829647325,0.00220391187400576,0.00146594116264618,0.00081840371053378,0.00269181929291064,0.00191176396011063,0.00454184674492374,0.00324061034932805,0.000992107714109598,0.00181620601719927,0.0042045984120993,0.00421966737551842,0.000977622488675621,0.000728269285586466,0.00148109440698377,0.00414009039164122,0.00615564667552167,0.00366995614059788,0.0020412297753169,0.0053947627710133,0.00694027772880123,0.00775622055025672,0.00348312833160023,0.00243220935803736,0.00319643878157702,0.000769524113771688,0.00280591424025581,0.00811812654014708,0.000752026980926674,0.00489684945799417,0.00170083733788283,0.00734087411014613,0.0041678852396471,0.00183356969633492,0.00740909881986763,0.00312977554248389,0.00469539653402903
"M0000000275",0.0155016486778794,0,0.00567581110532986,0.0186289765373998,0.0128107305773826,0.0447329945034697,0.0475248353864988,0.0259931252464882,0.0208856289179233,0.0202867818234973,0.00240717094994849,0.0432191168001691,0.0044576376297261,0.00482680854716978,0.022006256030031,0.00721916410609807,0.0484351312167092,0.0199838852525527,0.0219376235275306,0.00516320102856984,0.0236093732944284,0.0636996856320008,0.00210382944214261,0.0130399582150009,0.0660442872309842,0.00173989368052981,0.00165325553383082,0.0390702884126898,0.0483102471558916,0.0100949044120834,0.00153344147844441,0.00412383465883032,0.01334248597766,0.00308176301218938,0.00027976178196597,0.00730976310915053,0.0115113352729,0.00844867691468732,0.00395691694770768,0.00372815819943907,0.0109286215665637,0.00276152242400627,0.00519878616440294,0.00255185240157542,0.00312936030810503,0.000702817853149001,0.0071796064381501,0.00189033749368868,0.00857002435849721,0.0145651986662755,0.00970486569801019,0.0152568879870102,0.00202285496924209,0.00281790842337465,0.00133015505526435,0.00224247939209903,0.00849992963311663,0.0148836750079422,0.00721282018084587,0.00695483536208378,0.0224287803345534,0.0211874846545166,0.00460392940029792,0.00317315829300345,0.00212355532621339,0.00599492861873284,0.0040330125358483,0.00982287478849088,0.00773924293377424,0.00205945881750481,0.0046434378596661,0.0087930193624378,0.0100952670541539,0.0019801712308964,0.00148093284622771,0.00307131956671487,0.00857386530378782,0.0135860749236514,0.00796856009210183,0.00519293393685729,0.0120763715434175,0.0151042560403431,0.0169962104953792,0.00740223132460754,0.00500681534053075,0.00715660887257988,0.00154338556011116,0.00634433082849794,0.0174529814514618,0.00184194055631136,0.0100358803181528,0.00381108822101118,0.0155645335386446,0.00965060305023968,0.00445993792167334,0.0159323807420156,0.00653421357657052,0.0098494935047859
"M0100001073",0.0027416494426255,0.00567581110532986,0,0.00330349985543784,0.0025237369563946,0.00803802842321253,0.00884771674583441,0.00466925925682321,0.00348416168814268,0.00350290619327192,0.000528168020995952,0.00776546994863356,0.000897991208235573,0.000967567367023967,0.00407594763917518,0.00140121935774987,0.00832155744069151,0.00356192006644731,0.00400134092103469,0.000990814096829512,0.00417171954576069,0.0123387377940157,0.000406457159801143,0.00239427513789828,0.0121939424153371,0.000332622270493138,0.000329189086802741,0.00759482076717619,0.00871873517824552,0.00186453485153465,0.000339677876765448,0.000791443699568532,0.00214175348572937,0.000611374350954864,5.56171181511966e-05,0.00138480950043621,0.00203829130941967,0.00159355963527048,0.000627930140388544,0.00060675254652218,0.00233975471374211,0.000562535262411715,0.000830185052086489,0.000487449913803457,0.000640992415684475,0.000132971162993138,0.00139378753445573,0.000322384002916337,0.0015557385396775,0.00272675006107862,0.00179042070453985,0.00264830781843797,0.000402001304114619,0.000575349199148612,0.000257053799454146,0.000431283856098513,0.00150535929392556,0.00237143965541442,0.00143443188464978,0.00127573701667512,0.00422621131803971,0.0040218720263658,0.00107257075440371,0.000675068300189371,0.00034790067804348,0.00103670749546458,0.000839978620117391,0.00194235463130941,0.001338288379877,0.000417549763172579,0.000747382172141051,0.0018125012261649,0.00138992038162114,0.00045376143160166,0.000334359945838385,0.000565687011632441,0.00160148362101894,0.00253031356889845,0.00126579542980007,0.000901648559647678,0.00216119179809885,0.00266704605746671,0.00325455293016014,0.00137958587238752,0.00105164179324942,0.0011100605134344,0.000354410403946353,0.00119822607515335,0.00314288657471979,0.000252572645379222,0.00173559714238543,0.000710577566637498,0.00261264532240049,0.00177477993458849,0.000712478193061931,0.00310308056076335,0.00135259317477671,0.00165009341691958
"M0100001208",0.00818412873677773,0.0186289765373998,0.00330349985543784,0,0.00746242762180923,0.0289461279439981,0.0290116824063488,0.0163924802049178,0.0141048504886112,0.0125990233979845,0.00156492000699005,0.0277177835399858,0.00295322170637223,0.00294575941359108,0.0139973240372829,0.00467358159957137,0.0327780086543237,0.0124921337633768,0.0138331108982634,0.00314680920603736,0.0146733339880516,0.0377882469816024,0.00124578233198017,0.00788625587376451,0.0410506836428152,0.00106237149735704,0.00107857191807567,0.0232054689672423,0.0299472203584835,0.00612922102582999,0.000725813725525255,0.00252672375126568,0.00809469333021024,0.00199135714585379,0.000154348899185394,0.00434712213983125,0.00755959307327512,0.00513473746627594,0.00285508428725333,0.00246046885815754,0.0057220991445559,0.00167721657298495,0.00359257935513502,0.00134916061959471,0.00214076799249954,0.000431544225641561,0.0042340388667594,0.000954011924790766,0.00504171533778715,0.00905308399513591,0.00587130301579215,0.00989033876470112,0.00167434164704358,0.00153526366491688,0.000725151743369547,0.00132170358515358,0.00552261654056704,0.00778906048233492,0.00417742177328713,0.00400617192118896,0.0131652666625623,0.0134522118334145,0.00280582838549816,0.00184566272031669,0.00179251619396606,0.00381776667463236,0.00237130800443528,0.0060694473625438,0.00497985823563576,0.00112494170905734,0.00354370728433083,0.00520597473958623,0.00591579795355206,0.00121891306484907,0.000869136866947915,0.00187270113902226,0.00515454335073051,0.00933402844624064,0.00435474031833337,0.0039292656212648,0.00768154742143314,0.00916101434417204,0.0106586012917786,0.00453652474511161,0.00305697889960344,0.00377551293439891,0.000900306243889662,0.00403698162158783,0.0114199980993246,0.00134768178237854,0.0051874585333064,0.00230934392109031,0.00823197739273307,0.00621483118529754,0.00294779768121388,0.00976778916390474,0.00384098933694468,0.00699859360000458
"M0100001287",0.0060817090271374,0.0128107305773826,0.0025237369563946,0.00746242762180923,0,0.018133563076045,0.0199889709788387,0.0111745107746276,0.00817827896788543,0.00859070618609418,0.00106385585838261,0.0178917509348884,0.00186413096884653,0.0020999831072004,0.00914908503386901,0.00305514438397158,0.0191730751824089,0.00835216013286908,0.00932741968683798,0.00225968785153847,0.0098348754393776,0.0275358103752349,0.000918474321106367,0.00559094494707339,0.027781082931562,0.000783458652026043,0.000712019751444182,0.0169523866025902,0.0199507672216343,0.00430348764066394,0.000670402470788248,0.00179559284081415,0.00484920229289398,0.00136870923175843,0.000110551234592412,0.00320464152895042,0.00456802570680262,0.00352958524309878,0.00135893501226946,0.00157623802496031,0.00448192575988032,0.00122842803012182,0.0019628701366518,0.00101341844272608,0.00144118930051276,0.000261591057050292,0.00310931762024708,0.000733947087108044,0.00369275231295608,0.00636658676483583,0.00412858824278623,0.00629470588618589,0.000799141489768012,0.0012155676571148,0.000522699873985389,0.000937928778738197,0.00374604398382495,0.00584351836664091,0.00324133510717628,0.00308301236968199,0.00961594568409926,0.00894518344366763,0.00220982200005318,0.001361630047544,0.000665803982688198,0.00260129166835933,0.00182505444544098,0.00435036504040219,0.00316114670560964,0.000870698152589961,0.00165652710706179,0.00408436128243799,0.0035602579539987,0.000936444817913378,0.000667398951250119,0.00138108279625222,0.00381690411627263,0.00580484360936495,0.00303401599875346,0.00212184527796974,0.00487276164543563,0.00653091426050763,0.00732811477447497,0.0031686905708447,0.00226979704683101,0.00267903478688153,0.000720959613372514,0.00268427588815707,0.00732992582129177,0.000563855944428154,0.0039582189262938,0.00169937136788077,0.0060478149654958,0.00403030314601784,0.00151114295470021,0.00700989529943066,0.00302032310398251,0.004437292211297
"M0100001416",0.0199214975807776,0.0447329945034697,0.00803802842321253,0.0289461279439981,0.018133563076045,0,0.0729782632774504,0.0417123105849258,0.034251019709903,0.0325990472544568,0.00369219729960112,0.0696942123425885,0.00726030998072049,0.00689041831225289,0.0353522932273328,0.0115419824377111,0.0783285863808303,0.0317635792721685,0.0354877847641509,0.00753990889732703,0.0340117267415545,0.0979653596244808,0.00310396629049548,0.0192446836426723,0.0982030999247328,0.00266225797538968,0.00294478552747867,0.0600803314864637,0.0759376045718327,0.015049433516094,0.0020423299919662,0.00593363703466302,0.0188811761288212,0.00443347222046449,0.00034787601637027,0.0106793043469636,0.0181419766315443,0.0123506812872934,0.00682998054165452,0.00583775586469829,0.0137220990715747,0.00400525670344556,0.00861920141337677,0.00327705375489796,0.00483144847680336,0.00125599551020201,0.0101704894477436,0.00246168459599668,0.0124863667937944,0.0211830406733862,0.0138086810542991,0.0244453812253999,0.00390592226770606,0.00390750991120345,0.00178298965128765,0.00309093975927291,0.0128038154021786,0.0194778308324137,0.0105985037049562,0.010409710534121,0.0318132682973304,0.0340583258735328,0.00713033446444911,0.00435513060573766,0.00463785233261719,0.00896855962729944,0.00589742566020935,0.0141798676543603,0.0122659066854575,0.00279912351409508,0.00862307380285156,0.0132091405865861,0.0132729211855876,0.00306679193949279,0.00209898392405797,0.0046857654837072,0.0128693405066753,0.0226596830904256,0.0101235967088937,0.00954058822162075,0.0186096154622794,0.0223682618431075,0.0251278857128487,0.0112168885162278,0.0075535683919467,0.00974834885678121,0.00229329588000625,0.0101149595499677,0.0283174402223699,0.00330077463345919,0.0130219256777217,0.005726972517088,0.0200072005347147,0.0141692253312338,0.00687330572671784,0.0229518456869495,0.00973905641060817,0.0178858384615607
"M0100001426",0.0218198539133711,0.0475248353864988,0.00884771674583441,0.0290116824063488,0.0199889709788387,0.0729782632774504,0,0.0466421041771475,0.0308380083828646,0.0368943198662435,0.0037957843801645,0.0753765918399096,0.00687126729310152,0.00756292299512798,0.0374905437600747,0.0120350251839561,0.0714177205774987,0.0345508683664759,0.0399968672165015,0.00820113060309245,0.0363937591007079,0.111165344051019,0.00332789298991667,0.0204788201685037,0.110360890395537,0.00285971928580257,0.00337514338192232,0.0680761449233964,0.0877232874850214,0.0166753851327432,0.00223542332784539,0.00654794039524954,0.0177783488397473,0.00489502698466595,0.000386308661281169,0.0117269022002216,0.016758746208718,0.0127832847072069,0.00507975720912001,0.00653045557556138,0.0153633226712349,0.00446674572280674,0.00746715747217227,0.00359762803759358,0.00536787840283561,0.00153729176906607,0.0112210978685002,0.00271479492974703,0.0137663288626414,0.0231654658149635,0.0151957059863475,0.0235016513119947,0.00286875861198687,0.00433739274840363,0.00203971987117751,0.00342976055823064,0.0140310111511506,0.0211896566610859,0.0117347860127961,0.0115219441739294,0.0350381811701081,0.0327853906764548,0.0079002827132047,0.00484233318762693,0.00247696266465591,0.00980190328848078,0.00657716064944325,0.0156707950616146,0.0119256969322397,0.00309860890533452,0.00627662720240217,0.0146262343153552,0.013551594165389,0.00340644085596157,0.00232497251112435,0.00511960937087043,0.0140972466134625,0.0209040829143235,0.011069352405473,0.00802516804179191,0.0178257873416768,0.0245203428333904,0.026607366974963,0.0115900734289586,0.00826551407297613,0.010001809173109,0.00255138529303532,0.00975232636432234,0.0268800306737251,0.00212445728619696,0.0142866277925868,0.00637622675740681,0.021941601348305,0.0149124255226909,0.00563452677526981,0.0254348932500777,0.0107855807347624,0.0165954321070461
"M0100001730",0.0123041525257927,0.0259931252464882,0.00466925925682321,0.0163924802049178,0.0111745107746276,0.0417123105849258,0.0466421041771475,0,0.0166651279478914,0.0225279819326857,0.00171566424782548,0.0476119523744509,0.00344991771838629,0.00395268442814239,0.0207896222546906,0.00675979945919318,0.0390062275594067,0.0183408780887521,0.0247910845729631,0.00514545557555874,0.0208338248475294,0.0612568188545462,0.00224736576150606,0.0134501580715008,0.0619052603618211,0.00199414153367015,0.0023705117768656,0.0376233421027833,0.0511352026537969,0.0101274349339242,0.00138768858049648,0.00344491422648455,0.00942588998648159,0.0023074801635187,0.0001288941999897,0.00736863771586566,0.00950968488327206,0.00717850151043986,0.00278828542214011,0.00375313156596163,0.00638077268491825,0.00223508320612561,0.00386434566512493,0.0022023580875062,0.00273702978431814,0.000869874024816068,0.00596368667336832,0.00157861530137264,0.00772248764719256,0.0130455068113521,0.00833599612462605,0.0122227496745813,0.00136392635666458,0.00237522056981616,0.000924792607476988,0.00174791712557343,0.00846270910574717,0.0154712407531833,0.00701682929403776,0.00679022257488358,0.0199301558558757,0.0173844884918229,0.00367745120757866,0.00223477868135136,0.00139908610286366,0.00524893560621275,0.0037711297937853,0.00831486022142202,0.00577865070480706,0.00170324452688854,0.00335553986511893,0.0088800096584048,0.00575816399228703,0.00221230121128404,0.00125963302197529,0.0030770629328344,0.010122274411693,0.0129758121345818,0.00669931744744778,0.00440174906382697,0.0101642286637022,0.0152085885022978,0.0140290110028284,0.00708118327640814,0.00490981942134371,0.00575596838037014,0.0012622371305302,0.00607099141166015,0.0167900007175205,0.00140459207539157,0.00871097756299994,0.00283601251316988,0.0138205759007666,0.00748046009027335,0.00254293405667421,0.0136207077814565,0.00652973842340364,0.0122900350447592
"M0100002910",0.00891695056426605,0.0208856289179233,0.00348416168814268,0.0141048504886112,0.00817827896788543,0.034251019709903,0.0308380083828646,0.0166651279478914,0,0.0148385521776852,0.00169803564785461,0.0297406063090489,0.00387284875075231,0.00307872028965177,0.0169922173863323,0.00589851647144073,0.0433925873848029,0.0158631540987043,0.0145782386294414,0.00345773843260477,0.0164989046521205,0.0409434956123608,0.00150722799518136,0.00896936388004529,0.0428441484192008,0.00132398628015457,0.00101527612885109,0.0251442820905869,0.0314771694559451,0.00671499267456739,0.000783631946772274,0.00263004766344798,0.0100835670160249,0.00186035389834412,0.000142639769588527,0.00482768154852317,0.00980743607749562,0.00590661890757972,0.00428725702005642,0.00290243845018054,0.00583553314120425,0.00178809394820687,0.00517378703264967,0.00135519387977321,0.0019498052651702,0.000321114492603112,0.00459492871569504,0.00123606035514228,0.00638467216677622,0.00952311359436671,0.00638464115138168,0.013722775763,0.00230187405144365,0.00174124375089582,0.000621679875190359,0.00146196649797531,0.0067227356216096,0.00798006013840017,0.00464454904774684,0.00524586106324114,0.0147424871872351,0.0180897792607084,0.00366568389495069,0.00197657375759975,0.00318930704732619,0.00468223094208145,0.00261876885630914,0.00647985498705755,0.0068951465516217,0.00123776995368281,0.00528274287917133,0.00568109767721749,0.00747944803800322,0.00120255432764803,0.000828547096813696,0.00236801194928595,0.0055824105107507,0.0116720635671897,0.00427548633924403,0.00608706181103985,0.00985686440863614,0.0115214708389896,0.0118398178260786,0.00536475879577526,0.0038267635750833,0.00523801202310026,0.00116231714442721,0.00513914437031686,0.0145386448997517,0.00209824696624385,0.0057248488571249,0.00295329427043771,0.00894398291532677,0.00712542696872037,0.00429763306399794,0.010380066219846,0.00415339939421532,0.00985206457565714
"M0100003695",0.00943902979933521,0.0202867818234973,0.00350290619327192,0.0125990233979845,0.00859070618609418,0.0325990472544568,0.0368943198662435,0.0225279819326857,0.0148385521776852,0,0.00117329451257185,0.0327121450630395,0.00260367809020604,0.00289769901911932,0.0163747436930611,0.00500381610869701,0.0302144382903665,0.0166262427978452,0.0194974459316488,0.00372826186553309,0.0158872071036831,0.0489987114337077,0.00184398715430054,0.0102859299088007,0.0481534103159604,0.00149349504725552,0.00167146971095085,0.0299216513313813,0.0396212387079236,0.00783928836713298,0.00103714363495158,0.00262396596640348,0.00732685863799724,0.00169868928594683,0.000162809488085027,0.00581688045374094,0.00730168420625776,0.00554335986925788,0.00212077626119344,0.00357040676869581,0.00519021484080002,0.00173838560125543,0.00356340014335011,0.00163026020950874,0.00191712383207792,0.000702437468460598,0.0047236645763309,0.00151681955134676,0.00696093328101616,0.00960385831907654,0.00648586248475144,0.0112630756516847,0.00115604823248885,0.0020208608896114,0.000680310042546233,0.00150064840967959,0.00639425450322091,0.00984604417338436,0.00566719604838147,0.00641444947198229,0.0154775988943864,0.0141404136637813,0.00372328307472207,0.00184565164275486,0.00100148340696413,0.0046940110102631,0.00303510747994172,0.00646180163974439,0.00562908913287431,0.00137817243044151,0.00263308388205131,0.00580637101906988,0.0058629395883193,0.00136921832661859,0.000930438697989161,0.00284496282910573,0.00679357349825815,0.00806974764222587,0.00386660814621743,0.00344995379847327,0.00786702005848024,0.0116970552771967,0.0109814261620701,0.00579193483875953,0.0037581774142489,0.00456654829866237,0.00134105265607269,0.00409604864700286,0.0130047186227961,0.00117166271082996,0.00698756305081972,0.00296876918228478,0.00904020067018441,0.00604142665953882,0.00258379108159695,0.0105657686942047,0.00422531697845675,0.00920967591131904
"M0100004089",0.00105889414236527,0.00240717094994849,0.000528168020995952,0.00156492000699005,0.00106385585838261,0.00369219729960112,0.0037957843801645,0.00171566424782548,0.00169803564785461,0.00117329451257185,0,0.00337698339057264,0.000565844038194337,0.000474589146370582,0.0020109635189057,0.000745469805321061,0.00469034322705299,0.0015758386489672,0.0016395430855596,0.000360489271421716,0.00186317726889974,0.0054260568061465,7.61616235995606e-05,0.000829668995893155,0.00557882827526056,7.30850870414194e-05,7.35941520260056e-05,0.00334901993526354,0.00356247630631468,0.000708792166772828,8.52926533151677e-05,0.00039196608134468,0.00112257639087248,0.000329005386324612,2.58565102880393e-05,0.000544784800120198,0.00104511742319836,0.000711375440217977,0.000389385946286713,0.000285074151156402,0.00108032882650144,0.000305383667270993,0.000446293321368674,0.000187283086444515,0.000343888120550236,5.3133926113519e-05,0.000606902657933303,9.88710665195608e-05,0.000594606970683596,0.0012439734177197,0.00084793733670236,0.0012284566928533,0.00026518802582761,0.000232032929101717,0.000140621984714884,0.000201835186769293,0.000616716532150681,0.000808211037962809,0.000613634704208251,0.000470389378248807,0.00180387438172103,0.00213878258248513,0.000396795218805238,0.000317999888900372,0.000278966132521373,0.000430094087278397,0.000379718960382679,0.000896311310477452,0.000697150543219135,0.000169518049447071,0.000564145845553154,0.00082738124129824,0.000718794363385072,0.000180512971660858,0.000146810677734986,0.00017647118513189,0.000627223817908281,0.00126602621967878,0.000611394307161385,0.00055640265012822,0.00104442585457305,0.00104562715004107,0.00158962136531839,0.000583673263264973,0.00035120073218094,0.000478227557741514,0.000112503578449912,0.000602781651030844,0.00140598963030255,0.000152335246389612,0.000611293007638857,0.000344099959038065,0.00105941119534941,0.000979981117609306,0.00037017985753151,0.00146184579440567,0.000617621917745113,0.000499016015917102
"M0100006379",0.0194011982530039,0.0432191168001691,0.00776546994863356,0.0277177835399858,0.0178917509348884,0.0696942123425885,0.0753765918399096,0.0476119523744509,0.0297406063090489,0.0327121450630395,0.00337698339057264,0,0.00609063598265484,0.00672691444733855,0.0343292795814075,0.0107659001129507,0.0684425465665091,0.0311174616813953,0.0361197347029208,0.00778622013656888,0.0337632474135797,0.10124435725136,0.0030332337616384,0.0188862314495607,0.100165969653355,0.00291676563556827,0.0034544197357316,0.0621514754520822,0.080910120164149,0.0154398833063487,0.00194115822828914,0.00570389358101859,0.016711062805697,0.00395736818257535,0.000181194872899278,0.0103796848276823,0.0163876737132768,0.0117942387917407,0.00536197602557412,0.005407301394376,0.0122488950834023,0.00388390947517406,0.00726616442844783,0.00308739162222427,0.00456483060523052,0.00138522929142807,0.009777069545107,0.00225085159754499,0.0122172403445241,0.020705783278114,0.0134721138572562,0.0216462132472401,0.00237789489410635,0.00361452621410794,0.00166790272231289,0.00286016074403552,0.0142790497271169,0.0215701272808131,0.0100714124438282,0.00979297386482587,0.0318083936931476,0.0302545519182551,0.0065062373318218,0.0040375702699674,0.00293802009681799,0.00860290248363955,0.00570861758241171,0.0136702444071095,0.010784772588942,0.00264586264326354,0.00661158550437209,0.0148144816785133,0.0112961895112516,0.00344204121211186,0.00191757088899061,0.00430595395816595,0.0143270773895443,0.0226791051627666,0.0113523013656185,0.00894255985027071,0.0170583868635496,0.0250085950064492,0.0237132873070415,0.0102618482900002,0.00841812449214022,0.0104689653888127,0.00195154498264088,0.0104858270432142,0.0248755682081901,0.00241786934380757,0.0122529040324189,0.00514301951633782,0.0223434545012298,0.013019916240182,0.00519850494914356,0.02238435814326,0.0109230423007907,0.0178919981661334
"M0100020214",0.00201194899587737,0.0044576376297261,0.000897991208235573,0.00295322170637223,0.00186413096884653,0.00726030998072049,0.00687126729310152,0.00344991771838629,0.00387284875075231,0.00260367809020604,0.000565844038194337,0.00609063598265484,0,0.000755194585351462,0.00425191777921053,0.00178971425236859,0.00937525864704786,0.00311973359664794,0.00329003181548896,0.000697021634831875,0.00305242788972591,0.00895215285188124,0.00024786150662163,0.00170512732153971,0.00972983245429175,0.000202702621431081,0.000212495736035635,0.00549630163181082,0.00738274120788761,0.00134922369839428,0.000223330789314943,0.000593447874175378,0.00231674599335542,0.00051655595963047,4.59657670944196e-05,0.0010367995273913,0.00219662587874677,0.00131182500208243,0.000978736013473622,0.000492002030785251,0.00181419509700666,0.000428101757149161,0.000890462009759576,0.000357204897205861,0.000539065627129117,0.000102569560986258,0.00103756641288194,0.000220289160510389,0.00110494981795892,0.00205858260917578,0.00133171648208773,0.00267081209057282,0.00062082142622275,0.000416366031619154,0.000196796474206203,0.000334764135779503,0.00119839000834044,0.00175065961762972,0.00107988377556077,0.000913181578779532,0.00312780446174631,0.00443764555006998,0.000717739685587662,0.000497059497812022,0.000903509249704807,0.000752360120397407,0.000662411776445856,0.00158152494374721,0.00118705270878218,0.000301546818243949,0.00133120677468396,0.00130648419663592,0.00133756247528222,0.000337974653294606,0.000251663085227008,0.00040844287241029,0.00117498036467172,0.00268013769247137,0.00093325228875695,0.00129370026737658,0.00210213128699465,0.00186077646972249,0.00281710284706192,0.00115505217779362,0.000653304339696697,0.000904927433510688,0.000266041033362602,0.00106608472433597,0.00315421722305499,0.000484346845112057,0.00126808616679324,0.000494281325468391,0.00190403694976951,0.00157858934720161,0.000937996470991595,0.00249335405829678,0.00097373316518004,0.00158977099509718
"M0100020371",0.00222558684576377,0.00482680854716978,0.000967567367023967,0.00294575941359108,0.0020999831072004,0.00689041831225289,0.00756292299512798,0.00395268442814239,0.00307872028965177,0.00289769901911932,0.000474589146370582,0.00672691444733855,0.000755194585351462,0,0.00350184353640395,0.00121088898742187,0.00800425366227977,0.0030712839361332,0.00339199212656428,0.000862199119780031,0.00405994334510016,0.0100330343451993,0.000304630656007491,0.00202015368103842,0.011011509321812,0.000262046523003996,0.00022802657761311,0.00618947284251506,0.00757804886540492,0.00160771498162098,0.000182714715614474,0.000759956474517929,0.00191107951862912,0.000624041896260181,4.78010708209208e-05,0.00115218078278205,0.00176228424463333,0.00134855084702125,0.00055734463316697,0.000625754080419142,0.00172810705219076,0.000512761694700205,0.000800703498345469,0.000368840278392926,0.000657781861284734,8.51871973473095e-05,0.00121478006667165,0.000226785252931211,0.00131270967903186,0.00264896027174944,0.0017068323041172,0.00235778590918422,0.00037082421150461,0.000418943962366706,0.000223433389068591,0.000375630893202596,0.00143837025934996,0.00197348417313286,0.00113143456217954,0.000987539435883858,0.00366237068706394,0.00332724614161477,0.000777342169576644,0.000558182929989135,0.00026408549037791,0.00105278295433561,0.000644454688315587,0.00172679094015964,0.00123396135301259,0.000312458753802395,0.000719573163718009,0.00149031702297442,0.001544419712697,0.000331912494310931,0.000258428761724751,0.000463882192227229,0.00133860344118981,0.00228041548560705,0.00128725593597694,0.000769836983614196,0.00185598580937462,0.0023827034213239,0.00293961905470877,0.00113298893020057,0.00082408946254228,0.00090123541804758,0.000221157830432105,0.000986051007279933,0.00267201210300195,0.000209169860390514,0.00134119150694307,0.000668473008748029,0.0022242170263085,0.00175494190077662,0.000592050966538427,0.00278634630575221,0.00110444104102059,0.00144643841712654
"M0100020487",0.00997190419008611,0.022006256030031,0.00407594763917518,0.0139973240372829,0.00914908503386901,0.0353522932273328,0.0374905437600747,0.0207896222546906,0.0169922173863323,0.0163747436930611,0.0020109635189057,0.0343292795814075,0.00425191777921053,0.00350184353640395,0,0.00686112297010139,0.0389048305227106,0.0164793693141678,0.0183119280570839,0.00373916497652048,0.0165808738271066,0.0497955992615008,0.00150659841493561,0.00930363170821442,0.0496294553192783,0.00129591828102225,0.00146440003723304,0.0305146176522062,0.040642716645111,0.00750865205469016,0.00103077192496653,0.00299926310513781,0.00924376500189191,0.00224787028895071,0.000176119342782951,0.00533466769616463,0.00880738439735601,0.00608232784588002,0.00335055561753075,0.00290391869863141,0.00710339361005279,0.00204932201784578,0.00397664181312,0.00164521182647321,0.00244666796464786,0.000648809330618418,0.00514113083723943,0.00122796391707144,0.00624528470666585,0.0105500632871025,0.00692604406750824,0.0121006963540567,0.00189599854330947,0.00198508586940606,0.000923944149660608,0.00156629973278379,0.00637910052384226,0.00967243248378508,0.00535303952620618,0.00521115449416473,0.0159960711070731,0.0179386313879122,0.00360783076403437,0.00222775753830981,0.00230654512323348,0.00442370351900171,0.00301499936420497,0.00716906935432643,0.00592409229015293,0.00141984891816321,0.00424088836797975,0.00674214109487515,0.00637318956559931,0.00155713552183198,0.00107419027305217,0.00230735586936837,0.00641612238433522,0.0111258925426342,0.00507778735261471,0.00479935360315102,0.00913555106928996,0.011145936654262,0.0125792920307472,0.00552018625187926,0.00379023127149854,0.00480603038991497,0.00116538371701511,0.00484748553328073,0.0139017472037332,0.00151676689681762,0.00649731739088655,0.00289969901651576,0.0100362618149448,0.00717077436633847,0.00327386968921243,0.011670282335764,0.00497537273044162,0.00839642523960132
"M0100021093",0.00334434710815213,0.00721916410609807,0.00140121935774987,0.00467358159957137,0.00305514438397158,0.0115419824377111,0.0120350251839561,0.00675979945919318,0.00589851647144073,0.00500381610869701,0.000745469805321061,0.0107659001129507,0.00178971425236859,0.00121088898742187,0.00686112297010139,0,0.0138606923560194,0.0052179829589966,0.00595305120696113,0.00130130504539528,0.00550907748832545,0.0149731187619151,0.00053608522259828,0.00317305885781744,0.016265165532681,0.000448175014776621,0.000470706207453556,0.0091864730301682,0.0136668188168725,0.00246975756367241,0.000355781724470037,0.000986220690703664,0.00324717219465047,0.000808334690120379,6.49151820695591e-05,0.00177677282004328,0.00314034077976294,0.00202794831622036,0.00130269877614541,0.00089076811015228,0.00246620406808685,0.000649497665055678,0.00131141008066516,0.00057868275366191,0.000873518619116853,0.000176570772773707,0.00170134357291553,0.000374900663091105,0.00193424123060499,0.00364185810883301,0.0022841997784815,0.00400455596059698,0.000775621927536168,0.000636978610569762,0.000287305850230797,0.00052136116819369,0.00215986733726154,0.00324771556048231,0.0017115416895295,0.00154392980827586,0.00526442932070502,0.00630661205562033,0.00114931745249937,0.000748827282980019,0.00096610841522115,0.00144099090825711,0.000977127917318935,0.00249131434071916,0.00175541309323229,0.000469099372757628,0.00166245201936592,0.00211809266725616,0.00210466242815932,0.000548184855943179,0.000377284678500951,0.000755284088884102,0.00212989269115343,0.00415821225591166,0.00169291326863177,0.0017371079365425,0.00316412701699011,0.00348544773052182,0.00424103118460487,0.00185509021419953,0.00122761812255007,0.00140089491786952,0.000391469785376123,0.00157977161701814,0.00492021120946588,0.000615011120431838,0.00214572438698687,0.000818881828511952,0.00331671035038277,0.00244925076326293,0.0012131126790903,0.00391395644933124,0.00156954034180965,0.00290412132638842
"M0100022041",0.0206272673759038,0.0484351312167092,0.00832155744069151,0.0327780086543237,0.0191730751824089,0.0783285863808303,0.0714177205774987,0.0390062275594067,0.0433925873848029,0.0302144382903665,0.00469034322705299,0.0684425465665091,0.00937525864704786,0.00800425366227977,0.0389048305227106,0.0138606923560194,0,0.0330986747263054,0.0342046232746302,0.00811482767671819,0.0415942306877849,0.0959507698377619,0.00297988647584647,0.0209054674842988,0.0987104020603453,0.00258724448348168,0.00197214019865783,0.0592070217505519,0.0731461295827314,0.0153696534497613,0.0014535881300995,0.00718987323609915,0.0227831605840919,0.00536916301748728,0.000424714685097526,0.0112987069119484,0.0225985958377997,0.0138947433235628,0.00969709291899435,0.00674380239782145,0.0134125532166857,0.00487933447004352,0.0119226444598485,0.0034176166325866,0.00566129154922969,0.000680475273751214,0.0110036857371211,0.00239157455812346,0.0131896959692509,0.0255805004518669,0.0167358233535456,0.0288795684314399,0.00580619184466848,0.00391198346690352,0.00199945053604093,0.00344798254768828,0.0128597071915409,0.0191252866979194,0.0111456652193771,0.0106364824564391,0.0345470913709621,0.0416174704374088,0.00708470992400854,0.004865403226671,0.00700055061624823,0.0108512170075879,0.0057500657872033,0.0149006869672848,0.0161151192453447,0.00285345638502935,0.0129130811741672,0.0134862030663271,0.0168289192437856,0.00266054071414869,0.00214799650699703,0.00480682862832415,0.0132743849988229,0.0269288727981306,0.0122351534762627,0.0118554070345097,0.0225058626151826,0.0237050822905094,0.027518603277609,0.0124210589758323,0.00739546189657377,0.0105096190433988,0.00171305150035527,0.0117371271973384,0.0334078522380543,0.00453609929539265,0.0132326813267501,0.00698178695107402,0.0208257705065236,0.0179152929478416,0.00886900191080187,0.0240435898281883,0.00992211420441289,0.0192174058913291
"M0999912117",0.00896401086427534,0.0199838852525527,0.00356192006644731,0.0124921337633768,0.00835216013286908,0.0317635792721685,0.0345508683664759,0.0183408780887521,0.0158631540987043,0.0166262427978452,0.0015758386489672,0.0311174616813953,0.00311973359664794,0.0030712839361332,0.0164793693141678,0.0052179829589966,0.0330986747263054,0,0.0162689296557016,0.00341654997069311,0.0155633473212977,0.0470867644693578,0.00148129066511397,0.00854446112054649,0.045459508755288,0.00131007990463426,0.00129727648120128,0.0288195551287638,0.0358483754566491,0.00703034681643353,0.000864723984321921,0.00266990045598361,0.00784885403335822,0.00182407538516527,0.000141311879576775,0.00489971534691263,0.00763931665682023,0.00546753165637225,0.00258556115396396,0.00300492707140701,0.00605369680508425,0.00186089839229318,0.0038511068897015,0.00135550025884061,0.00197267075851617,0.000554878833244867,0.00469662340034362,0.001281987311315,0.0065511154305822,0.00942280724259112,0.0063993216684335,0.0117922793221717,0.00121806266761721,0.00184216884957975,0.000729942325377617,0.00146658608138152,0.00653366249338894,0.0080438669696487,0.00489638036377834,0.00553602549380927,0.0149647577627773,0.0155730868153059,0.00385753537741845,0.00201849483381235,0.00145559372090634,0.00463344179923437,0.00274711273976389,0.00646537651221718,0.00609721935444802,0.00128572875272186,0.00326401354668861,0.00606354452423262,0.00650952288540909,0.00128338848153425,0.000856923322909328,0.00240106629449505,0.00569835348506929,0.00908409572776165,0.0042136769430334,0.00439697825155313,0.00803431175376659,0.0116106958480586,0.0111738729536937,0.00503523924152473,0.00389534373078874,0.00495796234774604,0.00121231968448407,0.00430245247421428,0.0116959973007288,0.00122163961926429,0.00586092172229053,0.00313578645121499,0.00897742756396128,0.00642157154407717,0.00301916905464813,0.0105022144753094,0.00443434486099526,0.00801820411621717
"M0999925422",0.0102272602855594,0.0219376235275306,0.00400134092103469,0.0138331108982634,0.00932741968683798,0.0354877847641509,0.0399968672165015,0.0247910845729631,0.0145782386294414,0.0194974459316488,0.0016395430855596,0.0361197347029208,0.00329003181548896,0.00339199212656428,0.0183119280570839,0.00595305120696113,0.0342046232746302,0.0162689296557016,0,0.00397248187174949,0.0170600359820609,0.0527333026158069,0.00174744697852052,0.0107723260105601,0.0527170638132652,0.00139965456640272,0.00181042866424667,0.0322640910076534,0.0433997959003965,0.00823918062460951,0.00112495581836442,0.00302392007637219,0.0081954158094831,0.00221126387361172,0.000200730559631447,0.00614123764091275,0.00801194200283567,0.00600165841710296,0.00246493761326503,0.00348634659907966,0.00629073605522237,0.00201212570818862,0.00347886588361632,0.00187589207733536,0.00249989925494233,0.000826954143222772,0.00515114781394596,0.00139153166197314,0.00651222776177547,0.0109551309282536,0.00713637885300245,0.0107785699144868,0.00160856773283208,0.00212871191118281,0.00092895010080747,0.00160227379407974,0.00609660050717747,0.011053261335473,0.00608894078876028,0.00593934045136848,0.0164232216639696,0.0154276201356548,0.00341910860847204,0.00208606259369576,0.00139789210054109,0.00451365499583884,0.0032654285655139,0.00718368049526635,0.005360232016514,0.00148944297301265,0.00315126464930949,0.00651666932077661,0.00569798665358937,0.00162721922547195,0.00114051867697031,0.00266631747637392,0.0073882057990587,0.00947920817287816,0.00481705603015545,0.0033885698102817,0.00851662372825229,0.0110150838918602,0.0122067091303674,0.00607963301472783,0.00349963029407228,0.00421082370068547,0.00121448990906619,0.00449561952160617,0.0143010407043874,0.0011829126854761,0.00739773434226363,0.00279878725220183,0.00992754605128681,0.0068252139032157,0.00251894650742255,0.0116946115087107,0.00479014232151061,0.00881032649785893
"X11117_2",0.00249536087237509,0.00516320102856984,0.000990814096829512,0.00314680920603736,0.00225968785153847,0.00753990889732703,0.00820113060309245,0.00514545557555874,0.00345773843260477,0.00372826186553309,0.000360489271421716,0.00778622013656888,0.000697021634831875,0.000862199119780031,0.00373916497652048,0.00130130504539528,0.00811482767671819,0.00341654997069311,0.00397248187174949,0,0.00443284217132257,0.0104151097202411,0.000499896652550867,0.00258374064453035,0.0112639538353665,0.000422826803353136,0.000371026176654939,0.00642995417407676,0.00867289781898005,0.00192545640855371,0.000269069401103034,0.000749107356897526,0.00184844231317793,0.000566797160220014,3.85706493675807e-05,0.00134014812534463,0.00190231843832657,0.00143151735468013,0.00056720500661659,0.000652212399099117,0.00142182456792212,0.000437296663279338,0.000847331287025854,0.000403357926782734,0.000616788106412181,8.23859966963823e-05,0.0012850424620567,0.000283651318675474,0.00153104468868334,0.00284736816095696,0.001740329176417,0.00269562954819104,0.000334702224979326,0.000436024119081722,0.000171870227564044,0.000353504759928995,0.00170453232546224,0.00267215910981322,0.00120280303254346,0.00117356558365057,0.00397755377638437,0.00333160304352165,0.000856596202600831,0.000503183892174533,0.00024453140999196,0.0012103778785847,0.000627176762430693,0.00172974639628815,0.00120003266918417,0.00032494553504943,0.000699119485050747,0.00161199389769803,0.00145446415690155,0.000381528379418384,0.000254088157992091,0.000614563249329448,0.00167109157213676,0.00270821605955343,0.00138140897878225,0.000784643694617584,0.00201457025821728,0.00290646389430457,0.00290376307188598,0.00129963249433615,0.00107104544354809,0.00100505751767447,0.000257688879379135,0.00103077164387343,0.00319275299242314,0.000288136839505346,0.00160917785526932,0.000650876197116476,0.00256461639074373,0.00157972996833353,0.000582643162684611,0.00278444607222461,0.00118707017275616,0.0023638267519479
"X12020_39",0.0106105285560261,0.0236093732944284,0.00417171954576069,0.0146733339880516,0.0098348754393776,0.0340117267415545,0.0363937591007079,0.0208338248475294,0.0164989046521205,0.0158872071036831,0.00186317726889974,0.0337632474135797,0.00305242788972591,0.00405994334510016,0.0165808738271066,0.00550907748832545,0.0415942306877849,0.0155633473212977,0.0170600359820609,0.00443284217132257,0,0.0477120387758406,0.00175111505790048,0.0107865965023286,0.050958973134145,0.00151649502518155,0.00115717442150305,0.0294658369829943,0.0377586851408177,0.00819224519340558,0.000729187098312789,0.00371681149742763,0.00893052764444877,0.00275545784251657,0.000199759516238297,0.00579459048825363,0.00886924121577079,0.00645203055299251,0.0028476273279122,0.00346491606105198,0.00619595648166623,0.00237458073287063,0.00448678470242846,0.00170703823231595,0.00293267597959217,0.000306601923238321,0.00572154935818272,0.00120851719614571,0.00688810998124948,0.0133908217674187,0.00864314558333186,0.0120845064185105,0.00171982995643369,0.00188948972824447,0.000946897902926925,0.00172422112180931,0.00708642506595574,0.0103536386638642,0.00541172924739964,0.00529564172144815,0.0178705751543178,0.0155429919508097,0.00357615291574015,0.00241404462099713,0.00100615224929266,0.00582627871130881,0.00274062111003324,0.00758472535099665,0.00675889441331056,0.00140523282109714,0.00373310677550463,0.00689308862412164,0.00789240274607152,0.00135360646101816,0.00106253923426094,0.00253207706705124,0.00693842647381174,0.0110666506729817,0.00659623602656366,0.00362156816905853,0.00915851328745262,0.0128347004433106,0.0131213475767087,0.0057278722966612,0.00418818076311861,0.00470078600486883,0.000836626391005407,0.00477545620783777,0.0137455890561436,0.00117646382175021,0.00672472722844029,0.00354274671722195,0.0109900848055066,0.00845086620498335,0.00286513170179813,0.0123942452701599,0.00506216565312176,0.00859689910161148
"X13463_1",0.0293517032210043,0.0636996856320008,0.0123387377940157,0.0377882469816024,0.0275358103752349,0.0979653596244808,0.111165344051019,0.0612568188545462,0.0409434956123608,0.0489987114337077,0.0054260568061465,0.10124435725136,0.00895215285188124,0.0100330343451993,0.0497955992615008,0.0149731187619151,0.0959507698377619,0.0470867644693578,0.0527333026158069,0.0104151097202411,0.0477120387758406,0,0.00394354364263614,0.026746534376982,0.139757863972334,0.00362725145748779,0.00410241963293921,0.100642839734022,0.113227644937712,0.0216755869755476,0.00343416731849366,0.00881841003681513,0.0226613050955751,0.00600089816621971,0.000475945855180797,0.0159553527710534,0.0224080589782657,0.01736253047753,0.00630362807370541,0.00827525293603999,0.0220489231837721,0.00663588994296584,0.00989302432077993,0.00479521953037107,0.00653475616342299,0.00206233612262933,0.0150461947849122,0.003876535459049,0.0191958655440638,0.0307624299675627,0.0205353920126424,0.0312868670592443,0.00325637832663887,0.00646799728897571,0.00296135883300673,0.00452724334498366,0.017016573223392,0.0279712043630753,0.0175903817183361,0.0174074687369388,0.0478906467685856,0.0484891197270816,0.0118241353121277,0.006681680130226,0.00303434601342117,0.0128420198078431,0.00952581161989863,0.0203507590186156,0.0180854528970456,0.00444710117230391,0.00795703456856443,0.0221610575649146,0.016253296615194,0.00474099539975801,0.00313422429348754,0.00698482770171573,0.0196240042025539,0.0272019572528415,0.0143543266124918,0.0114457314931447,0.024089160333969,0.0335163273901619,0.0341907844435648,0.0160564805308411,0.0108866710958622,0.0152736950810674,0.00348225212104089,0.0147059490230553,0.0355960268259491,0.00220780662669493,0.0198362860373388,0.00966923574667509,0.029837334511105,0.0194126908605403,0.00681460052901488,0.0327178874115406,0.0163345728006451,0.0209572388502283
"X13998_26",0.0010920861614251,0.00210382944214261,0.000406457159801143,0.00124578233198017,0.000918474321106367,0.00310396629049548,0.00332789298991667,0.00224736576150606,0.00150722799518136,0.00184398715430054,7.61616235995606e-05,0.0030332337616384,0.00024786150662163,0.000304630656007491,0.00150659841493561,0.00053608522259828,0.00297988647584647,0.00148129066511397,0.00174744697852052,0.000499896652550867,0.00175111505790048,0.00394354364263614,0,0.00123153591616997,0.00411893861214008,0.000235905568021719,0.000216660405475635,0.00242945632945436,0.00370242978385268,0.000866521060441248,0.000164550127605032,0.000275287673643523,0.000645301254708378,0.00018025314518191,1.62894519317812e-05,0.000585134912183936,0.000770125086349927,0.000567793466561125,0.00022460616480998,0.000249801655201638,0.000429565393551495,0.000112815639133218,0.000345037429977464,0.000177253490535871,0.000198394144321327,3.58834843040192e-05,0.000537204751571187,0.000149973808555332,0.000687415800172978,0.00106973095796356,0.0006337114180871,0.00126270852841506,0.000141802077333601,0.000186090514134941,4.55060690592804e-05,0.000124443630431075,0.000647922828830459,0.00125787819472255,0.000474042869933068,0.000539034361410877,0.00159090070583511,0.00123591427519207,0.000400807606906802,0.000175794872781601,0.000104720305605861,0.000503799845561276,0.00022053593340299,0.000605492239249244,0.000426196486478646,0.000136567779295644,0.000258974818523148,0.000586562229407686,0.00047330742752841,0.000149130233230456,0.000106033975823971,0.000308792229427902,0.000687655476822593,0.00112746486936385,0.000491820806314065,0.000228751124644829,0.000820805583456428,0.00120371695426617,0.00107666462801129,0.000576400081664637,0.000541816771966791,0.000371826192437793,0.000137703393776925,0.000338665099980789,0.00150216008377043,0.000170237144908083,0.000764315403755463,0.000256750981621401,0.000999865944357538,0.00047369995435724,0.00025897974932011,0.00103965680151725,0.000430707432189724,0.0012777543866409
"X17761_2",0.00630064902520723,0.0130399582150009,0.00239427513789828,0.00788625587376451,0.00559094494707339,0.0192446836426723,0.0204788201685037,0.0134501580715008,0.00896936388004529,0.0102859299088007,0.000829668995893155,0.0188862314495607,0.00170512732153971,0.00202015368103842,0.00930363170821442,0.00317305885781744,0.0209054674842988,0.00854446112054649,0.0107723260105601,0.00258374064453035,0.0107865965023286,0.026746534376982,0.00123153591616997,0,0.0278716349983971,0.00099390579728221,0.000894966839800513,0.0164821313707538,0.0214374809828904,0.00481964596385589,0.000703490627649173,0.00181144239911485,0.0047597955809143,0.00129501324228013,0.000111652953279481,0.00366891534289907,0.00490364192038773,0.0036110275793703,0.00153378134554805,0.00188975662622077,0.00336071683811075,0.00111061265976553,0.00228287019573196,0.00111522299283552,0.00140705450210396,0.00024411695906713,0.00310006685125798,0.000832593368808286,0.00395630766800713,0.00687609708056939,0.00432842908184954,0.00667791458069803,0.000994126292180644,0.00120967103149966,0.000434831593718968,0.000911202624504863,0.00381984077509214,0.00697429811854308,0.00345711420348042,0.00345071921929328,0.00990652848018844,0.00876073429291142,0.00206523625125393,0.00119394529347298,0.000836620662437388,0.00291852963202059,0.0017586793911943,0.00417105142567336,0.00319702030098913,0.000862860699252028,0.00191144905235235,0.00382353350650612,0.00349299832582537,0.000912396652075115,0.00064889124130553,0.00166864267511834,0.00445624644624716,0.00622958545751464,0.00309810513901882,0.00199679602900708,0.00516720438287796,0.00693616419465136,0.00709614150492108,0.00362657414672569,0.00233101898682572,0.00258436827349312,0.000684171633029808,0.00270099709427507,0.00878983978627836,0.000796675866054894,0.00448066764057834,0.00164345753407685,0.00617365371268939,0.00388752030939006,0.00154366643777169,0.00671816266087636,0.00280718458730181,0.00597799364445388
"X2944_66",0.0299390315219351,0.0660442872309842,0.0121939424153371,0.0410506836428152,0.027781082931562,0.0982030999247328,0.110360890395537,0.0619052603618211,0.0428441484192008,0.0481534103159604,0.00557882827526056,0.100165969653355,0.00972983245429175,0.011011509321812,0.0496294553192783,0.016265165532681,0.0987104020603453,0.045459508755288,0.0527170638132652,0.0112639538353665,0.050958973134145,0.139757863972334,0.00411893861214008,0.0278716349983971,0,0.00349113820090344,0.0039984866889339,0.0856166034282816,0.113131565489726,0.0228092626037575,0.00233859259002955,0.00924451780023221,0.0275059744928848,0.00769582087933281,0.000592984998186095,0.016466347638075,0.0234187865875654,0.0181647718230461,0.00738085930014536,0.0100097992315788,0.0226458304014312,0.00633275720322298,0.0104320304905892,0.00511763877230859,0.00833379074519459,0.00188741977444708,0.0157265155214312,0.00353955612678836,0.0187105746866338,0.0321612672490144,0.0214935880479971,0.031989511463584,0.00438827200841544,0.00575320905952086,0.00271766103880056,0.00528224446401455,0.0223186662150176,0.0282922543467041,0.0156934770752746,0.0148953735552667,0.0490932759752903,0.0428008655987893,0.0099460951619901,0.00704451303507171,0.00350209092729805,0.0134937692572476,0.00974602152782396,0.0241775118382182,0.0154078994187388,0.00422605930498106,0.00888767193042185,0.0189282214157911,0.0216332923351186,0.00473707102230985,0.00337176785176029,0.00676255936265544,0.0193242160967505,0.0283103751389354,0.0153790587704202,0.0116693519929883,0.0248486162682221,0.0339650572024402,0.0410367234681035,0.0159203773588237,0.0108941773641391,0.0128735382024332,0.00374404110509382,0.0131586609369975,0.0364518403265603,0.00306298367955331,0.0188568593443498,0.00800237586048519,0.0303765223821755,0.0231876645947159,0.0086798983381644,0.0392571686411783,0.0139688797231345,0.0213624187801539
"X4464_10",0.000879852202634556,0.00173989368052981,0.000332622270493138,0.00106237149735704,0.000783458652026043,0.00266225797538968,0.00285971928580257,0.00199414153367015,0.00132398628015457,0.00149349504725552,7.30850870414194e-05,0.00291676563556827,0.000202702621431081,0.000262046523003996,0.00129591828102225,0.000448175014776621,0.00258724448348168,0.00131007990463426,0.00139965456640272,0.000422826803353136,0.00151649502518155,0.00362725145748779,0.000235905568021719,0.00099390579728221,0.00349113820090344,0,0.000172226206692828,0.00223781903846426,0.00315340068241772,0.000721824793158065,0.000126054500303796,0.000211920373061381,0.000529724527596711,0.00014080553892055,6.18298093345124e-06,0.00046785767840282,0.000657665198337713,0.000482486242559305,0.00018298118417685,0.000189534232030054,0.000390883429715313,0.000106656833673678,0.000296801813889586,0.000126591914131057,0.000161152637823453,2.10923691039548e-05,0.000419028904175304,0.000111418892990898,0.000594064263570915,0.000985553201355459,0.000544901290603239,0.00102174697159082,7.60581375096996e-05,0.000145174465002059,2.46567750315835e-05,9.87566266411022e-05,0.000701706997856177,0.000996626660068745,0.000392238440490908,0.000457480830750389,0.00138200466021283,0.00113251518909522,0.000371190267486644,0.000142556150448897,7.62645370956383e-05,0.000477684277644278,0.000182261201756589,0.000561907555936271,0.000408655012454996,0.000107333600564194,0.00021029223810134,0.000569537941679523,0.000453827513781711,0.000148555192149345,6.84306973142207e-05,0.000266752189676717,0.000627752939991742,0.00107036033812113,0.000429399386726534,0.000326699263527622,0.000700121733288942,0.001195713856761,0.000837790873495316,0.000457148635988622,0.000464354055610201,0.000411499989835135,0.000109900011999597,0.000363575184074181,0.00111596306298998,0.000124559603314518,0.000579036928034719,0.000209404099201534,0.000940765487551038,0.000405222114737902,0.000191498294295488,0.000811912963777854,0.000415667596619934,0.00113702433994502
"X5508_62",0.000828617050368401,0.00165325553383082,0.000329189086802741,0.00107857191807567,0.000712019751444182,0.00294478552747867,0.00337514338192232,0.0023705117768656,0.00101527612885109,0.00167146971095085,7.35941520260056e-05,0.0034544197357316,0.000212495736035635,0.00022802657761311,0.00146440003723304,0.000470706207453556,0.00197214019865783,0.00129727648120128,0.00181042866424667,0.000371026176654939,0.00115717442150305,0.00410241963293921,0.000216660405475635,0.000894966839800513,0.0039984866889339,0.000172226206692828,0,0.00250352986828898,0.00395836471383132,0.000722076410330341,0.000143057013683579,0.000194040218616776,0.000503340834594221,0.00012859324912109,7.34560507476994e-06,0.000441177654123313,0.000576893761480104,0.000434924219407631,0.000163302341206373,0.000172378787095073,0.000381916723157732,8.2502207098346e-05,0.00019444336712171,0.000137984438160905,0.00016692392185963,9.13502859144549e-05,0.00040570774219128,0.000102546728208028,0.000472265694923807,0.000714962685909798,0.000421031370262574,0.000871526661615087,9.11229303591346e-05,0.000145820973238947,5.48255244735776e-05,8.76142379582521e-05,0.000513843244246786,0.0010836788627495,0.000373303908529901,0.000372511782126415,0.00119351612939156,0.000959775400540635,0.000272351649430687,0.00012923640101475,9.65205915511074e-05,0.000286050363218713,0.000201726804744325,0.000479410986839103,0.000226936297215484,0.000107209446355037,0.000170230580800038,0.000559250785707081,0.000206290536866404,0.000162505492484306,9.09776051913611e-05,0.000202734595630541,0.00059798965842709,0.000960569018840082,0.000391534667402602,0.00021575062456318,0.000617879008304246,0.000911835644442685,0.000879767045755802,0.000423968168728934,0.000423990590193288,0.000298522648635589,0.000109478697745949,0.000315136985666129,0.0011480875960876,0.000118991689644375,0.000567628614133291,0.000141525963388437,0.000843058591622304,0.000313442930206183,0.000165622461572532,0.000860734123692364,0.000414079115959024,0.000980731682527598
"X7861_9",0.0180236681302279,0.0390702884126898,0.00759482076717619,0.0232054689672423,0.0169523866025902,0.0600803314864637,0.0680761449233964,0.0376233421027833,0.0251442820905869,0.0299216513313813,0.00334901993526354,0.0621514754520822,0.00549630163181082,0.00618947284251506,0.0305146176522062,0.0091864730301682,0.0592070217505519,0.0288195551287638,0.0322640910076534,0.00642995417407676,0.0294658369829943,0.100642839734022,0.00242945632945436,0.0164821313707538,0.0856166034282816,0.00223781903846426,0.00250352986828898,0,0.0691963443573583,0.0133214231288757,0.00210895910615829,0.0054616019952864,0.0138791060025136,0.00370848553759803,0.000289599133975993,0.00981800110271011,0.0137956462994194,0.0106837481277129,0.00387245649336174,0.0050653194510923,0.0134520351117915,0.00409417500376345,0.00608384686631796,0.00293889021053084,0.00403877049692742,0.00124325184757286,0.00928687654917904,0.00236801029678601,0.0117948518429733,0.0189837579675622,0.0126690379036682,0.0192746481201097,0.00200681913445919,0.00396922595107485,0.00182211899273846,0.00277520916191896,0.0104401143971114,0.0173009644549037,0.0108219777156442,0.0106817283584373,0.0294912902017376,0.0298494104636832,0.00724521305913116,0.00410501386741662,0.00185386558547101,0.00789968758308676,0.0058477062261559,0.0124901237823195,0.011129331116886,0.00272931025829581,0.00490343222833474,0.0137361509553872,0.00989984454237734,0.00291361939803609,0.00193318619940662,0.00427978102395227,0.0121149224095416,0.0168602728157198,0.00891548895211984,0.00701650852553917,0.0148267530268903,0.0206577649946887,0.0210808505957266,0.00987353448996068,0.00673334041711854,0.00937566361040246,0.00211530000605581,0.00907647885439907,0.0219847724955806,0.00134591926474493,0.0121704019543292,0.00597300472970093,0.0183749016497465,0.0119519396959508,0.00414477567983063,0.020174684839325,0.0101242303488376,0.0129664202322116
"X8368_102",0.0221341750023271,0.0483102471558916,0.00871873517824552,0.0299472203584835,0.0199507672216343,0.0759376045718327,0.0877232874850214,0.0511352026537969,0.0314771694559451,0.0396212387079236,0.00356247630631468,0.080910120164149,0.00738274120788761,0.00757804886540492,0.040642716645111,0.0136668188168725,0.0731461295827314,0.0358483754566491,0.0433997959003965,0.00867289781898005,0.0377586851408177,0.113227644937712,0.00370242978385268,0.0214374809828904,0.113131565489726,0.00315340068241772,0.00395836471383132,0.0691963443573583,0,0.0175527889138277,0.00224095705177513,0.00662283979138575,0.0175892649744509,0.00489614374130819,0.000368701518735138,0.0118244931241255,0.0169151525937717,0.012755492326721,0.00525557854464468,0.00665741734868369,0.0141324248733073,0.00427049526546579,0.00760705149101525,0.0036314711608258,0.00549341523257628,0.00171897259815542,0.0112708958464371,0.00268853922092155,0.0137388032298651,0.0239025031483158,0.0154078360317641,0.0237635426469953,0.00286938373000714,0.00416193323605331,0.0020378708598294,0.00333425175785442,0.0142911744767687,0.022584346957785,0.0113591836412956,0.0111661897243596,0.0351984504356531,0.0323093278079668,0.00757067066873762,0.00467714646754862,0.00255977394231449,0.0101404348355149,0.00617551600253635,0.0153588063350318,0.0115506169992805,0.00302040778242762,0.00664706068703661,0.0144577605164002,0.0135399304602122,0.00344206471192979,0.00227681178303988,0.00519931148759673,0.0145454949548205,0.0220560358258021,0.0118108719761355,0.007689843199727,0.01792121438494,0.0251045585822726,0.0261798294040097,0.0115832616394626,0.00864355199748637,0.00980570405741871,0.00236407122270033,0.00954203509984297,0.0276827011629204,0.00233583260464511,0.01447857750231,0.00619351561833773,0.0226084866156749,0.0146756685940311,0.00572229511347677,0.0250652011956684,0.0106576559997526,0.0180029962904179
"X9021_1",0.0047679192260766,0.0100949044120834,0.00186453485153465,0.00612922102582999,0.00430348764066394,0.015049433516094,0.0166753851327432,0.0101274349339242,0.00671499267456739,0.00783928836713298,0.000708792166772828,0.0154398833063487,0.00134922369839428,0.00160771498162098,0.00750865205469016,0.00246975756367241,0.0153696534497613,0.00703034681643353,0.00823918062460951,0.00192545640855371,0.00819224519340558,0.0216755869755476,0.000866521060441248,0.00481964596385589,0.0228092626037575,0.000721824793158065,0.000722076410330341,0.0133214231288757,0.0175527889138277,0,0.000493065494683441,0.00141524179207862,0.00371305644698635,0.00103303273338939,7.91711368751448e-05,0.00263095081275758,0.00362548788486504,0.00275425474002504,0.00108479423221883,0.00141685329660494,0.00286094374227578,0.000885655585106364,0.00164315736958674,0.00079659096349724,0.00112891898412105,0.000243313143131093,0.00243346912643408,0.000601609035173384,0.00302916009295021,0.0051331528862504,0.00330841284122031,0.00518008241428199,0.000619952818147789,0.000898995737882616,0.000371478104439367,0.000718858325936282,0.00314451314599151,0.00499759228405644,0.00247124417332119,0.00248285788579894,0.00761641306622094,0.00663208111861133,0.00163926477145786,0.000983283190714327,0.00048880217778989,0.00221824121616566,0.00133853683681028,0.00329732924718491,0.00244883945203802,0.000651276706745544,0.00133414644334725,0.00305424331411969,0.0028575359954538,0.000711551305310528,0.00049374681802646,0.00117651300324796,0.00320068401812863,0.00467347536736476,0.00247755106620838,0.0015582055354345,0.0038615043884321,0.0055025389697486,0.00565406944498854,0.0025707741606758,0.00192221211860626,0.00205661530591804,0.000533022816719198,0.00201953818018205,0.00609783322127177,0.000531755317744425,0.00318141963771896,0.00131649650425066,0.00482354544362286,0.00311347250070285,0.00118974655312821,0.00542356542612731,0.00224749443311108,0.00415653745758412
"X9829_91",0.000837941243571905,0.00153344147844441,0.000339677876765448,0.000725813725525255,0.000670402470788248,0.0020423299919662,0.00223542332784539,0.00138768858049648,0.000783631946772274,0.00103714363495158,8.52926533151677e-05,0.00194115822828914,0.000223330789314943,0.000182714715614474,0.00103077192496653,0.000355781724470037,0.0014535881300995,0.000864723984321921,0.00112495581836442,0.000269069401103034,0.000729187098312789,0.00343416731849366,0.000164550127605032,0.000703490627649173,0.00233859259002955,0.000126054500303796,0.000143057013683579,0.00210895910615829,0.00224095705177513,0.000493065494683441,0,0.000143622545426104,0.000453643418088541,9.39529184971828e-05,1.22334388113628e-05,0.000382344026941209,0.000491961922235454,0.000389382477973085,0.000124711516248625,4.42898898335976e-05,0.000619946890808934,8.37198189905521e-05,0.000114794079548865,0.000140921296976062,9.43296995638251e-05,4.742933401173e-05,0.000356692273924916,0.000111749315463823,0.000398945956855107,0.000542802285745663,0.000303544812065184,0.000697111897774942,7.80129536210404e-05,0.000179766295460869,5.43940945874462e-05,7.29863594469986e-05,0.000262931358866276,0.000935771749587984,0.000425832872350136,0.000397477759059685,0.0010268638155406,0.00108280599598646,0.00031236560207194,0.000131599480899075,0.000109711775401463,0.000170606561428497,0.000222201311330554,0.000418813863148515,0.000218868434447933,0.000121233084342583,0.000114729740159563,0.000544505052464518,0.000105841371718463,0.00014625828839943,9.29982469446646e-05,0.000183359674733974,0.000464749586882842,0.000755619981462327,0.000259460360499328,0.000193803598625162,0.000540479451461426,0.000592732679706688,0.000693735733722755,0.000397006116496417,0.000294851596634269,0.000317604982862805,0.000128680274384044,0.000299928892805254,0.000993804601587279,8.26507968921179e-05,0.000614243682757919,0.000137354037789165,0.000733913214759722,0.000184773526454656,0.000138085431755408,0.000676485710997562,0.000407456190286346,0.000691944993656818
"ENSG00000055609.20",0.00189465004458797,0.00412383465883032,0.000791443699568532,0.00252672375126568,0.00179559284081415,0.00593363703466302,0.00654794039524954,0.00344491422648455,0.00263004766344798,0.00262396596640348,0.00039196608134468,0.00570389358101859,0.000593447874175378,0.000759956474517929,0.00299926310513781,0.000986220690703664,0.00718987323609915,0.00266990045598361,0.00302392007637219,0.000749107356897526,0.00371681149742763,0.00881841003681513,0.000275287673643523,0.00181144239911485,0.00924451780023221,0.000211920373061381,0.000194040218616776,0.0054616019952864,0.00662283979138575,0.00141524179207862,0.000143622545426104,0,0.00155700249325445,0.000559505407523357,4.09783935320175e-05,0.00102735482195789,0.00151343410163419,0.00115252497810883,0.000451039630976638,0.000595043777424209,0.00111147363824555,0.000462796476127591,0.00072230487566128,0.000298584535654122,0.000589611391248443,7.11510256400658e-05,0.00115451086674451,0.000200557383686007,0.00117668341299172,0.00223861050561742,0.00154982261068525,0.00227532826926595,0.000325127728143065,0.000357446672127247,0.000224519145998035,0.000311283102102576,0.00100333023343273,0.00199273093650618,0.00100928021282503,0.000904782136373016,0.00319412488884217,0.00286199555861903,0.000563224819035039,0.000458207038594091,0.00016258408274143,0.000883891629930987,0.000537990778562346,0.00131236956811815,0.00114309837116687,0.000259173763737022,0.000619788304103378,0.00143230164981385,0.00118550215412122,0.000222195376341928,0.000238430785809639,0.000370108557459576,0.00117402907587716,0.0019363844993029,0.00128562439584495,0.000479204936076361,0.00159517055957681,0.00205012208043098,0.00271609079213476,0.0010054560463065,0.000763617047585807,0.000738137046576591,0.000133986944667523,0.000825711159485432,0.00263936805879862,0.000151585686037055,0.00118928048815831,0.000723674433681665,0.00186052603776789,0.0015390682093745,0.000449955960377628,0.0025801886570773,0.00105734238295913,0.00132090386751253
"ENSG00000066739.12",0.00579998403590707,0.01334248597766,0.00214175348572937,0.00809469333021024,0.00484920229289398,0.0188811761288212,0.0177783488397473,0.00942588998648159,0.0100835670160249,0.00732685863799724,0.00112257639087248,0.016711062805697,0.00231674599335542,0.00191107951862912,0.00924376500189191,0.00324717219465047,0.0227831605840919,0.00784885403335822,0.0081954158094831,0.00184844231317793,0.00893052764444877,0.0226613050955751,0.000645301254708378,0.0047597955809143,0.0275059744928848,0.000529724527596711,0.000503340834594221,0.0138791060025136,0.0175892649744509,0.00371305644698635,0.000453643418088541,0.00155700249325445,0,0.00127535126577873,0.000115294548993249,0.00279040000614172,0.00546652247261794,0.00352263989923937,0.0022883513359117,0.00158691340838079,0.0045555339454221,0.00110057588871777,0.0025604238635492,0.000997668443875568,0.00128768995223125,0.000262803980383329,0.00270310842326321,0.000696856953624979,0.00318664246427729,0.005337569840314,0.00370119407400895,0.00673268464386339,0.00118830995009437,0.00105913447693714,0.000507108347802077,0.000951582573272674,0.00362605175900149,0.00530673917708482,0.00270781217497236,0.00253031626223146,0.00853975353259446,0.00964192741408544,0.00160392966319821,0.00127785550011014,0.00163690832848481,0.00216747432460222,0.00169965823026919,0.00411598586793829,0.00323084557362968,0.000786469453604301,0.00281213894848387,0.00313109587970622,0.00460614903314567,0.000762160443725325,0.000586634680118707,0.00108296991502068,0.00319311789020857,0.0059080118894078,0.00292630911458968,0.00297433440025685,0.00553695629274796,0.00566612313110577,0.0074343049916721,0.00295044289017169,0.00173411401588927,0.00286251997109797,0.000638189921884405,0.00280394293076075,0.00767060856261949,0.00115192486233674,0.00365167424581287,0.00131268864930497,0.00587924662753623,0.0043436064085291,0.00253446720597065,0.00665147208788153,0.00233216673176084,0.00388628756474278
"ENSG00000068650.18",0.00139892465598626,0.00308176301218938,0.000611374350954864,0.00199135714585379,0.00136870923175843,0.00443347222046449,0.00489502698466595,0.0023074801635187,0.00186035389834412,0.00169868928594683,0.000329005386324612,0.00395736818257535,0.00051655595963047,0.000624041896260181,0.00224787028895071,0.000808334690120379,0.00536916301748728,0.00182407538516527,0.00221126387361172,0.000566797160220014,0.00275545784251657,0.00600089816621971,0.00018025314518191,0.00129501324228013,0.00769582087933281,0.00014080553892055,0.00012859324912109,0.00370848553759803,0.00489614374130819,0.00103303273338939,9.39529184971828e-05,0.000559505407523357,0.00127535126577873,0,4.35749991381057e-05,0.00072542713591831,0.00113213396199341,0.000874233123133697,0.000352132832120652,0.000420552710841393,0.00112920386409781,0.000334793880327181,0.0004998035370578,0.000208788393612841,0.000588343122564153,4.77687165333039e-05,0.000867045457491625,9.19815364028953e-05,0.000752609090484823,0.00196687289869818,0.00115819805674905,0.00156019801423839,0.000334776419287016,0.0002322551761772,0.000159637178811056,0.000244675932880551,0.000954940055505552,0.00120561576883048,0.000684485580165006,0.000499766508212926,0.00235359788497699,0.00198294227763834,0.000431006366424593,0.0003599270514042,0.00014537007112875,0.000739228217463248,0.000390093974632544,0.00130066860330339,0.000710772403211467,0.000176516212317142,0.000472726229192278,0.000899844934733425,0.0011893763172253,0.000198702964698908,0.000182424752300959,0.00029668052910317,0.000739951905045365,0.00164595781203833,0.000878999460954878,0.000432374578825162,0.00117497678318367,0.0012526471786694,0.00222871166082701,0.000710280941865937,0.000411572358731681,0.000337051357664905,0.000130941288125294,0.000514186395760929,0.00188158952359575,0.000105009522482249,0.000792440138930832,0.000443443290881617,0.00123105688177214,0.00126996288001465,0.000340440565393025,0.00210037966883464,0.000664029783234069,0.000981553834971053
"ENSG00000070961.16",0.000131831081812519,0.00027976178196597,5.56171181511966e-05,0.000154348899185394,0.000110551234592412,0.00034787601637027,0.000386308661281169,0.0001288941999897,0.000142639769588527,0.000162809488085027,2.58565102880393e-05,0.000181194872899278,4.59657670944196e-05,4.78010708209208e-05,0.000176119342782951,6.49151820695591e-05,0.000424714685097526,0.000141311879576775,0.000200730559631447,3.85706493675807e-05,0.000199759516238297,0.000475945855180797,1.62894519317812e-05,0.000111652953279481,0.000592984998186095,6.18298093345124e-06,7.34560507476994e-06,0.000289599133975993,0.000368701518735138,7.91711368751448e-05,1.22334388113628e-05,4.09783935320175e-05,0.000115294548993249,4.35749991381057e-05,0,6.78442657512194e-05,8.98796534317881e-05,7.16835335777436e-05,3.1753355334151e-05,4.25920498706279e-05,0.000132171862068624,2.75144773089475e-05,4.2767759065079e-05,2.80961781647199e-05,4.22243774772605e-05,7.00768092966202e-06,6.52371089063886e-05,1.57339315464138e-05,6.03932821637858e-05,0.000150357640052214,9.31210529957621e-05,0.000106032930291395,3.83806354942618e-05,2.782441998818e-05,1.60557121715117e-05,2.48002388429278e-05,3.34874138641945e-05,6.61777440733357e-05,6.99878695259285e-05,5.43500077865043e-05,0.000180213113180658,0.00016082583003779,4.37714695844665e-05,3.52789920043852e-05,1.81781330874544e-05,5.48913949434389e-05,3.73081449180697e-05,0.000102332652040708,6.08383966611292e-05,2.00615703778643e-05,4.19510545910613e-05,2.72969460947519e-05,0.000108851028567085,1.18948244315696e-05,1.8127337246312e-05,3.01845393646455e-05,4.15239053633999e-05,6.05314798215765e-05,4.01169965228972e-05,1.01065742444202e-05,9.48415615401091e-05,3.94227797895491e-05,0.000156934676167992,7.10163953199184e-05,1.04598859253322e-05,1.08162673112405e-05,1.75497455426052e-05,2.25651268752624e-05,0.00015443321650108,1.27709949343573e-05,9.35640012637611e-05,3.38341998792015e-05,6.89357688612167e-05,0.000104104486078927,4.1646901935041e-05,0.000145325795620803,2.10753499519542e-05,2.40956692724522e-05
"ENSG00000071054.16",0.00350993423497768,0.00730976310915053,0.00138480950043621,0.00434712213983125,0.00320464152895042,0.0106793043469636,0.0117269022002216,0.00736863771586566,0.00482768154852317,0.00581688045374094,0.000544784800120198,0.0103796848276823,0.0010367995273913,0.00115218078278205,0.00533466769616463,0.00177677282004328,0.0112987069119484,0.00489971534691263,0.00614123764091275,0.00134014812534463,0.00579459048825363,0.0159553527710534,0.000585134912183936,0.00366891534289907,0.016466347638075,0.00046785767840282,0.000441177654123313,0.00981800110271011,0.0118244931241255,0.00263095081275758,0.000382344026941209,0.00102735482195789,0.00279040000614172,0.00072542713591831,6.78442657512194e-05,0,0.00268232103734294,0.00206467878536461,0.000797885436379983,0.001142530190232,0.00220869495605404,0.000704826723130176,0.00117876980775241,0.000657295836073378,0.000780820971684868,0.000165896114391635,0.00175353231155634,0.000496386483303205,0.00226852625177727,0.00365343200766538,0.00244455350337604,0.00361499749906951,0.000499242390506286,0.000750654072310034,0.000281305818107333,0.000563157128383906,0.00207698924820783,0.00375083042128615,0.00212440171911306,0.00209417264868423,0.00565157289515894,0.00516899010177413,0.0011932183492394,0.000730995090343288,0.000409627657870778,0.00151563545973415,0.0011569917851789,0.00244131816654456,0.00186231790472756,0.000523752889101652,0.000994699087459321,0.00224365957800515,0.001914980138589,0.000527870711375623,0.000394580355220535,0.000908666367218153,0.00253201408995651,0.00303352671171696,0.00161375677281184,0.00111829900495614,0.00288287813073516,0.0038285491067076,0.00416222802054059,0.00208992405377795,0.00121545662524769,0.00149035084753467,0.000428789302041495,0.00156189604651928,0.00475310846379537,0.000375048504180421,0.00255473190256847,0.000968725691722981,0.00342598321375402,0.00233449830134228,0.000855743836922578,0.00400369083070809,0.00165056299908714,0.00286122371409846
"ENSG00000072364.13",0.00505501448104668,0.0115113352729,0.00203829130941967,0.00755959307327512,0.00456802570680262,0.0181419766315443,0.016758746208718,0.00950968488327206,0.00980743607749562,0.00730168420625776,0.00104511742319836,0.0163876737132768,0.00219662587874677,0.00176228424463333,0.00880738439735601,0.00314034077976294,0.0225985958377997,0.00763931665682023,0.00801194200283567,0.00190231843832657,0.00886924121577079,0.0224080589782657,0.000770125086349927,0.00490364192038773,0.0234187865875654,0.000657665198337713,0.000576893761480104,0.0137956462994194,0.0169151525937717,0.00362548788486504,0.000491961922235454,0.00151343410163419,0.00546652247261794,0.00113213396199341,8.98796534317881e-05,0.00268232103734294,0,0.00333559637046701,0.00223697800102136,0.00141667411920914,0.00349883777807074,0.00102435600882917,0.00264526818306938,0.000842441525642652,0.001194620917489,0.000204029802959075,0.00256201411329123,0.000616670500885973,0.00311714646124765,0.00537500779518073,0.00353009288073585,0.00680221798346184,0.00123858451871563,0.000978838960627204,0.000424139584970344,0.000792941649196817,0.00321653812241856,0.00488581625528836,0.00264190191938069,0.00256405824556918,0.00803106111546864,0.00949571380919645,0.00175890198893834,0.00111829608579327,0.00160893693134613,0.00225775230933526,0.00147684424231046,0.00357365384847186,0.00336825911387346,0.000707835375192684,0.00298451617396403,0.00328063404132379,0.00359711676820619,0.00073732468958987,0.000532889331366118,0.00115243511658234,0.00320899542052076,0.00640452273407414,0.00261687767620654,0.00303751628102683,0.00526258197212206,0.0056194117924234,0.00657551344301432,0.00294242771525298,0.00189462185694667,0.00260088334876443,0.000558870263219227,0.00276843450055765,0.00802486044214491,0.00114677378216059,0.00327241586158339,0.00142879267660774,0.00509283357642108,0.00380170582263697,0.00209936043214149,0.00579146261004252,0.0024223019888825,0.00475279746356738
"ENSG00000075539.15",0.00388697280354003,0.00844867691468732,0.00159355963527048,0.00513473746627594,0.00352958524309878,0.0123506812872934,0.0127832847072069,0.00717850151043986,0.00590661890757972,0.00554335986925788,0.000711375440217977,0.0117942387917407,0.00131182500208243,0.00134855084702125,0.00608232784588002,0.00202794831622036,0.0138947433235628,0.00546753165637225,0.00600165841710296,0.00143151735468013,0.00645203055299251,0.01736253047753,0.000567793466561125,0.0036110275793703,0.0181647718230461,0.000482486242559305,0.000434924219407631,0.0106837481277129,0.012755492326721,0.00275425474002504,0.000389382477973085,0.00115252497810883,0.00352263989923937,0.000874233123133697,7.16835335777436e-05,0.00206467878536461,0.00333559637046701,0,0.00115209294439839,0.00107805077338461,0.00284002976134001,0.000797425708038316,0.00153904350232966,0.000658999861730098,0.000919528162065653,0.00016722758213698,0.00196954912604701,0.000477057191179412,0.0023764375557686,0.00405477863803339,0.00268117420654726,0.00438048988336843,0.000665461993303873,0.000771809458446631,0.000334882985652887,0.000619722015876284,0.00244253760008879,0.00369994240918905,0.00206505821390262,0.00197818833418806,0.00616242393268769,0.00615643578641757,0.00136775744125171,0.000877589821960845,0.000705129995298166,0.00167596276485138,0.0011788197000512,0.00279068323997737,0.00224934349153253,0.000555921247879687,0.00146064065964935,0.00253261277258048,0.00251914253410752,0.000581579089267556,0.000422277080836844,0.000873980765175883,0.00244984801488682,0.00401464922772824,0.0019537341848492,0.00167898486687449,0.00341204121087881,0.00422294338994891,0.00485972903203606,0.00213410026484979,0.00142525545290249,0.00183106557537137,0.000451983622102269,0.00184710093025496,0.00505833195566105,0.000533868836735881,0.00252488483372005,0.00108057307489467,0.00388840406549194,0.00276204322284267,0.00120051228392672,0.00451117065714133,0.0018726650909544,0.00300906837747878
"ENSG00000080503.24",0.00155451525892139,0.00395691694770768,0.000627930140388544,0.00285508428725333,0.00135893501226946,0.00682998054165452,0.00507975720912001,0.00278828542214011,0.00428725702005642,0.00212077626119344,0.000389385946286713,0.00536197602557412,0.000978736013473622,0.00055734463316697,0.00335055561753075,0.00130269877614541,0.00969709291899435,0.00258556115396396,0.00246493761326503,0.00056720500661659,0.0028476273279122,0.00630362807370541,0.00022460616480998,0.00153378134554805,0.00738085930014536,0.00018298118417685,0.000163302341206373,0.00387245649336174,0.00525557854464468,0.00108479423221883,0.000124711516248625,0.000451039630976638,0.0022883513359117,0.000352132832120652,3.1753355334151e-05,0.000797885436379983,0.00223697800102136,0.00115209294439839,0,0.000454303575837661,0.00114603820528276,0.000310088954101362,0.00121580697663567,0.000276613915599543,0.000367551508092768,6.39544775807481e-05,0.000752759376780597,0.00018774793647276,0.00090694587798217,0.001610132973722,0.00108276432630862,0.00265993168591606,0.00070865364994987,0.000289727987011502,0.000131535434451707,0.000259652556198062,0.000984332004301873,0.00136908898017888,0.00075184363392698,0.000710058373188288,0.0023963693753874,0.00363841858483841,0.000504997019476873,0.000360687048194834,0.00111409871567457,0.000672591584781724,0.000441625428630102,0.00110318210404614,0.0013041371286246,0.000217160915986227,0.00152439377614211,0.000854991966494521,0.00138336278506348,0.000214984742699652,0.000164559534454531,0.000328038815680358,0.000917556910788848,0.0026352980734706,0.000783964791093639,0.00151089148203249,0.00220086858192119,0.00163040018002823,0.00227851416358353,0.00101364223082876,0.000547355329137385,0.00088645709820308,0.000169539299381954,0.00110229121813373,0.0031457977304856,0.000673520368675153,0.00097625648047636,0.000388061152584802,0.00153325044983453,0.00139647063784978,0.00113589798000348,0.00174742198220236,0.000635309150302501,0.001764737160956
"ENSG00000082701.17",0.00161747938181085,0.00372815819943907,0.00060675254652218,0.00246046885815754,0.00157623802496031,0.00583775586469829,0.00653045557556138,0.00375313156596163,0.00290243845018054,0.00357040676869581,0.000285074151156402,0.005407301394376,0.000492002030785251,0.000625754080419142,0.00290391869863141,0.00089076811015228,0.00674380239782145,0.00300492707140701,0.00348634659907966,0.000652212399099117,0.00346491606105198,0.00827525293603999,0.000249801655201638,0.00188975662622077,0.0100097992315788,0.000189534232030054,0.000172378787095073,0.0050653194510923,0.00665741734868369,0.00141685329660494,4.42898898335976e-05,0.000595043777424209,0.00158691340838079,0.000420552710841393,4.25920498706279e-05,0.001142530190232,0.00141667411920914,0.00107805077338461,0.000454303575837661,0,0.000910351890122096,0.000425941592408357,0.000815217540918644,0.00031778062556753,0.000456859417787621,9.47353797347888e-05,0.000895865940522822,0.000270609572460861,0.00132373522083345,0.00200534573897929,0.00147398319719079,0.00206533708483588,0.000291820022559383,0.000360272194300073,0.000149731577866319,0.00035401134369352,0.00123772677890085,0.00148468739212662,0.00108777969187641,0.00120158517054377,0.00300118140115233,0.00259147377230294,0.00058384243208885,0.000400942442435169,0.00016795308880922,0.000990285655259659,0.000610378323355524,0.00132100489124795,0.0012473840427863,0.00025102161551458,0.000617116340956747,0.000891911967482179,0.00148492032976475,0.000182129200296454,0.000178572048696009,0.000500258546194456,0.00123136019374452,0.00113025437565575,0.000778708632828661,0.000603325538172737,0.00151162498075183,0.00216285178907597,0.0023238907107605,0.00111776240042144,0.000555517756520988,0.000749826133051261,0.000200398026360922,0.000739187102789373,0.00236871094972489,0.000198251355218243,0.00119927970488965,0.000636341387085119,0.00152882058865001,0.00157542403203998,0.000558028859342233,0.00221444127253039,0.00064350829564598,0.00126154452500657
"ENSG00000084623.12",0.00514225023037996,0.0109286215665637,0.00233975471374211,0.0057220991445559,0.00448192575988032,0.0137220990715747,0.0153633226712349,0.00638077268491825,0.00583553314120425,0.00519021484080002,0.00108032882650144,0.0122488950834023,0.00181419509700666,0.00172810705219076,0.00710339361005279,0.00246620406808685,0.0134125532166857,0.00605369680508425,0.00629073605522237,0.00142182456792212,0.00619595648166623,0.0220489231837721,0.000429565393551495,0.00336071683811075,0.0226458304014312,0.000390883429715313,0.000381916723157732,0.0134520351117915,0.0141324248733073,0.00286094374227578,0.000619946890808934,0.00111147363824555,0.0045555339454221,0.00112920386409781,0.000132171862068624,0.00220869495605404,0.00349883777807074,0.00284002976134001,0.00114603820528276,0.000910351890122096,0,0.00103555032095842,0.00129927511970141,0.000943985383614601,0.00110404121365246,0.000278736741365973,0.00217872132871024,0.000578536334346779,0.00249006496832156,0.0047273600149053,0.00292542057692783,0.00371790843071284,0.000693910125198515,0.00109967519985093,0.00047583294768565,0.000864542531825614,0.00292111136042062,0.00289311725750131,0.00252652023237188,0.00208949870242483,0.00722907807749548,0.00735992317618383,0.00214208543216416,0.00136086859821083,0.000739395566870912,0.00172096736437856,0.0016451954916074,0.00410119893232574,0.00224880193605613,0.00080522829409625,0.00123949562882519,0.00258316370296538,0.00346329294622346,0.000899359272645061,0.000568030204203483,0.000972379925893185,0.00228090575405526,0.00371057386488958,0.00168150854962704,0.00203541088505711,0.00374235949960231,0.00391398597632428,0.00547853976850447,0.00225383196623126,0.00123098430156785,0.00213547244555614,0.000812920929055491,0.00205031058139708,0.00406955548075146,0.000382574924974682,0.00310180997901743,0.000927467905289645,0.00466301063262324,0.00329933803541021,0.00154845646017915,0.00518872556652741,0.00195580336867942,0.00133640945812194
"ENSG00000084676.15",0.00123328887706973,0.00276152242400627,0.000562535262411715,0.00167721657298495,0.00122842803012182,0.00400525670344556,0.00446674572280674,0.00223508320612561,0.00178809394820687,0.00173838560125543,0.000305383667270993,0.00388390947517406,0.000428101757149161,0.000512761694700205,0.00204932201784578,0.000649497665055678,0.00487933447004352,0.00186089839229318,0.00201212570818862,0.000437296663279338,0.00237458073287063,0.00663588994296584,0.000112815639133218,0.00111061265976553,0.00633275720322298,0.000106656833673678,8.2502207098346e-05,0.00409417500376345,0.00427049526546579,0.000885655585106364,8.37198189905521e-05,0.000462796476127591,0.00110057588871777,0.000334793880327181,2.75144773089475e-05,0.000704826723130176,0.00102435600882917,0.000797425708038316,0.000310088954101362,0.000425941592408357,0.00103555032095842,0,0.00049577725522984,0.000221003369080172,0.000351014064938948,5.52507598062521e-05,0.000690162474165244,0.000150086833928733,0.000814891118150145,0.00149738980640116,0.00105685216254161,0.00131166815311398,0.000190213218249924,0.000280297824875321,0.00015255178145343,0.000236367914828363,0.000713683271659482,0.00102637336722887,0.000783358159257906,0.000710348375891193,0.00217960879338595,0.00217348733536995,0.000473936610365781,0.000345995969646806,0.000127664635937457,0.000594881476089393,0.00043898719581293,0.000956073605337987,0.000890804004270017,0.000198228194247491,0.000423620655703943,0.000946327206268005,0.000849603826877403,0.000179567122256242,0.000151494503292602,0.000260436338096798,0.000824923795265503,0.00107398403927694,0.000713017669187292,0.000470129853042214,0.00108984244463624,0.00141484999558049,0.00166331474709679,0.000699150746401319,0.000420667891293643,0.000610921443823852,0.000117007668254082,0.000661155933458493,0.00149589704935192,7.23174007341953e-05,0.000793489316495378,0.000471177044208504,0.00126210364276534,0.00109738247827258,0.000325704710031055,0.0015782908871132,0.000699705327300255,0.000580909137949799
"ENSG00000085224.23",0.00212369332094634,0.00519878616440294,0.000830185052086489,0.00359257935513502,0.0019628701366518,0.00861920141337677,0.00746715747217227,0.00386434566512493,0.00517378703264967,0.00356340014335011,0.000446293321368674,0.00726616442844783,0.000890462009759576,0.000800703498345469,0.00397664181312,0.00131141008066516,0.0119226444598485,0.0038511068897015,0.00347886588361632,0.000847331287025854,0.00448678470242846,0.00989302432077993,0.000345037429977464,0.00228287019573196,0.0104320304905892,0.000296801813889586,0.00019444336712171,0.00608384686631796,0.00760705149101525,0.00164315736958674,0.000114794079548865,0.00072230487566128,0.0025604238635492,0.0004998035370578,4.2767759065079e-05,0.00117876980775241,0.00264526818306938,0.00153904350232966,0.00121580697663567,0.000815217540918644,0.00129927511970141,0.00049577725522984,0,0.00033776889683519,0.000520324254153874,6.18775203390635e-05,0.00112266699113491,0.000293166016834289,0.00155898918499454,0.00258519335441346,0.00176538913662073,0.00350887594977117,0.000647716164874832,0.000406788026312911,0.000177437604408065,0.000379865807222477,0.00150649359437091,0.00172404044837841,0.00111835348664849,0.00125330526151491,0.00363964516320251,0.00439069481950572,0.000852676705235995,0.000512505183170413,0.000877668281249637,0.00127160359123107,0.000582790950660548,0.00151855883643984,0.00198059192566106,0.000294891308055267,0.00160513827594979,0.00124821995668325,0.00210702455103397,0.000231230236284159,0.000194332648960724,0.00056373475607344,0.00130464400513697,0.00287394887719542,0.00115106600395499,0.00148710630331735,0.00256939310697957,0.00276136511579124,0.00294642374024118,0.00135303954540123,0.000868721366258046,0.00127385200147631,0.000214319046821815,0.00131398937004795,0.0035661941259913,0.000607212874792793,0.00135477827109236,0.000809848267731707,0.00209221598263828,0.00196228475175753,0.00116108152645043,0.00242792477132637,0.00091064092701061,0.00224828614437453
"ENSG00000099795.7",0.00124511434466067,0.00255185240157542,0.000487449913803457,0.00134916061959471,0.00101341844272608,0.00327705375489796,0.00359762803759358,0.0022023580875062,0.00135519387977321,0.00163026020950874,0.000187283086444515,0.00308739162222427,0.000357204897205861,0.000368840278392926,0.00164521182647321,0.00057868275366191,0.0034176166325866,0.00135550025884061,0.00187589207733536,0.000403357926782734,0.00170703823231595,0.00479521953037107,0.000177253490535871,0.00111522299283552,0.00511763877230859,0.000126591914131057,0.000137984438160905,0.00293889021053084,0.0036314711608258,0.00079659096349724,0.000140921296976062,0.000298584535654122,0.000997668443875568,0.000208788393612841,2.80961781647199e-05,0.000657295836073378,0.000842441525642652,0.000658999861730098,0.000276613915599543,0.00031778062556753,0.000943985383614601,0.000221003369080172,0.00033776889683519,0,0.000213648456286697,6.65488924151245e-05,0.000519576127920262,0.000174308193764647,0.000633347028057471,0.00107090831569297,0.000750271501472391,0.000912918384846209,0.000168030943676039,0.000259699789254267,0.000109107472787813,0.00019361480143829,0.000510735994724647,0.00119898161752994,0.000659110882660068,0.000583944855061785,0.00173211019572429,0.00156035088273013,0.000349384037850283,0.000265947551251494,0.000165443735178248,0.000380603295568911,0.000371034739394498,0.000737856443117788,0.000500051430314898,0.00018955657149088,0.000323619754278903,0.000591819890465699,0.000592959637593404,0.000175504753366456,0.000140425341894458,0.000246523474785061,0.000759520994884068,0.000769840161317195,0.000523059007473688,0.000255793824574935,0.000908450758732567,0.00100371809319272,0.0011947836784423,0.000644862209253201,0.000336822946718783,0.000460599161315833,0.000137859224549081,0.000464829230858999,0.00136138779504225,0.000136559931939934,0.000898246737126107,0.000221966950940751,0.00118218885913655,0.000720427484436609,0.00032648758841737,0.00114834750188107,0.000446366523028593,0.000562529235645794
"ENSG00000100216.6",0.00141593335033964,0.00312936030810503,0.000640992415684475,0.00214076799249954,0.00144118930051276,0.00483144847680336,0.00536787840283561,0.00273702978431814,0.0019498052651702,0.00191712383207792,0.000343888120550236,0.00456483060523052,0.000539065627129117,0.000657781861284734,0.00244666796464786,0.000873518619116853,0.00566129154922969,0.00197267075851617,0.00249989925494233,0.000616788106412181,0.00293267597959217,0.00653475616342299,0.000198394144321327,0.00140705450210396,0.00833379074519459,0.000161152637823453,0.00016692392185963,0.00403877049692742,0.00549341523257628,0.00112891898412105,9.43296995638251e-05,0.000589611391248443,0.00128768995223125,0.000588343122564153,4.22243774772605e-05,0.000780820971684868,0.001194620917489,0.000919528162065653,0.000367551508092768,0.000456859417787621,0.00110404121365246,0.000351014064938948,0.000520324254153874,0.000213648456286697,0,6.06917504671264e-05,0.00090750684156098,8.7481687510593e-05,0.000792456024638552,0.00209340644412161,0.00122132364012749,0.00163075944177228,0.000351682226970294,0.000237089364951227,0.00016290271088002,0.000252509738918649,0.00105320187473577,0.00129469188058293,0.000726592667117138,0.000526555505049052,0.00248697547326085,0.00206979985684633,0.000449360207156129,0.0003686486533356,0.00014984391379696,0.000784089935173916,0.000414226622993776,0.00137350801529726,0.000730495683188376,0.000180781560587896,0.000497347937008618,0.000987330366963642,0.00117249323778936,0.000225995725361933,0.000191641760108738,0.000317526183142868,0.000843130788693255,0.00180696541144126,0.000920403007133061,0.000474879185838912,0.00123861060509989,0.00138378079460619,0.00235002380780572,0.000756391313389487,0.000459051484612974,0.000333101710101123,0.000134062644347967,0.00056604306986923,0.0020218343862084,0.000109336957426178,0.000800536505977364,0.000454561301866016,0.00128716051185981,0.00133013170697151,0.000330017238984806,0.00222059550657934,0.000726866004110211,0.00114029041409409
"ENSG00000100220.12",0.000314591050957323,0.000702817853149001,0.000132971162993138,0.000431544225641561,0.000261591057050292,0.00125599551020201,0.00153729176906607,0.000869874024816068,0.000321114492603112,0.000702437468460598,5.3133926113519e-05,0.00138522929142807,0.000102569560986258,8.51871973473095e-05,0.000648809330618418,0.000176570772773707,0.000680475273751214,0.000554878833244867,0.000826954143222772,8.23859966963823e-05,0.000306601923238321,0.00206233612262933,3.58834843040192e-05,0.00024411695906713,0.00188741977444708,2.10923691039548e-05,9.13502859144549e-05,0.00124325184757286,0.00171897259815542,0.000243313143131093,4.742933401173e-05,7.11510256400658e-05,0.000262803980383329,4.77687165333039e-05,7.00768092966202e-06,0.000165896114391635,0.000204029802959075,0.00016722758213698,6.39544775807481e-05,9.47353797347888e-05,0.000278736741365973,5.52507598062521e-05,6.18775203390635e-05,6.65488924151245e-05,6.06917504671264e-05,0,0.000142871838465911,4.79746560374288e-05,0.000160238317751781,0.000174774541687916,0.000151289842530222,0.000253774153596229,4.07778534504157e-05,7.65847336825161e-05,4.51769617585435e-05,4.9485409141997e-05,0.00010525569229448,0.000317860208925247,0.000184669408976815,0.000164254569633998,0.00042325485614638,0.000432706881165131,9.29469949878084e-05,6.96202454031174e-05,4.97243294363715e-05,4.63148416879607e-05,0.000119854098975651,0.000188204264929441,0.000107373974082752,5.27298834347809e-05,6.61711239940325e-05,0.000188384029116131,9.23903117581303e-05,5.93728337136912e-05,4.35664968257552e-05,5.33940818658197e-05,0.0001902694036715,0.000179632787407832,0.000102753445673745,7.66007414056672e-05,0.000223552925750255,0.000220997796264651,0.000364810932998065,0.000165445076190519,8.98273511383953e-05,0.000122765570950477,4.93946858854403e-05,0.000125923585433927,0.000371259296346652,2.99420709793605e-05,0.000231963417078757,5.91960674978535e-05,0.00027855538511572,0.000162777911019184,8.55739366779161e-05,0.000353332823883629,0.000142233229802278,0.000121068295664067
"ENSG00000100354.21",0.00339406038436002,0.0071796064381501,0.00139378753445573,0.0042340388667594,0.00310931762024708,0.0101704894477436,0.0112210978685002,0.00596368667336832,0.00459492871569504,0.0047236645763309,0.000606902657933303,0.009777069545107,0.00103756641288194,0.00121478006667165,0.00514113083723943,0.00170134357291553,0.0110036857371211,0.00469662340034362,0.00515114781394596,0.0012850424620567,0.00572154935818272,0.0150461947849122,0.000537204751571187,0.00310006685125798,0.0157265155214312,0.000419028904175304,0.00040570774219128,0.00928687654917904,0.0112708958464371,0.00243346912643408,0.000356692273924916,0.00115451086674451,0.00270310842326321,0.000867045457491625,6.52371089063886e-05,0.00175353231155634,0.00256201411329123,0.00196954912604701,0.000752759376780597,0.000895865940522822,0.00217872132871024,0.000690162474165244,0.00112266699113491,0.000519576127920262,0.00090750684156098,0.000142871838465911,0,0.000384660768761622,0.00206558032661302,0.00349515343837812,0.0023670406161996,0.00397059602173874,0.000501875660981037,0.000645839024987048,0.000334646558161714,0.000513298438317584,0.00192370178403061,0.00353079142249095,0.00171998573159404,0.00162496961241907,0.0053975086109955,0.00489602643791896,0.00110719757215739,0.000757511412416178,0.000333163770961929,0.00141396751779608,0.000971091728458087,0.00233377543733598,0.00175658592142949,0.00046231311769639,0.000945634340667458,0.00244215081960062,0.00193805886350846,0.000449684510340018,0.000406176884810668,0.000700265597626948,0.00200092947189795,0.00343490934577051,0.00194986660536007,0.000992517808696656,0.00271786127205574,0.00356802677892509,0.00460018384585699,0.00173032244024429,0.00139390524706391,0.00137173332070018,0.000354680279381437,0.00140232199502326,0.00449434389044994,0.000309356300156284,0.00214859025983963,0.00110941477703649,0.00326693572227281,0.0023389844836443,0.000833371868535493,0.00439093763292399,0.0018044726169907,0.00259418074989108
"ENSG00000100836.10",0.000913097924766625,0.00189033749368868,0.000322384002916337,0.000954011924790766,0.000733947087108044,0.00246168459599668,0.00271479492974703,0.00157861530137264,0.00123606035514228,0.00151681955134676,9.88710665195608e-05,0.00225085159754499,0.000220289160510389,0.000226785252931211,0.00122796391707144,0.000374900663091105,0.00239157455812346,0.001281987311315,0.00139153166197314,0.000283651318675474,0.00120851719614571,0.003876535459049,0.000149973808555332,0.000832593368808286,0.00353955612678836,0.000111418892990898,0.000102546728208028,0.00236801029678601,0.00268853922092155,0.000601609035173384,0.000111749315463823,0.000200557383686007,0.000696856953624979,9.19815364028953e-05,1.57339315464138e-05,0.000496386483303205,0.000616670500885973,0.000477057191179412,0.00018774793647276,0.000270609572460861,0.000578536334346779,0.000150086833928733,0.000293166016834289,0.000174308193764647,8.7481687510593e-05,4.79746560374288e-05,0.000384660768761622,0,0.00060120340546502,0.000651639992520198,0.00051889299885771,0.000903150428227662,7.42156939587764e-05,0.000205333866155881,6.45710800656886e-05,0.000137334922055698,0.000414945645330237,0.000890283939876774,0.000511801466047055,0.000585417022606502,0.00130138712710503,0.00126128359056545,0.000324476606602279,0.000176188863665673,0.000103404308029449,0.000319414229372906,0.000281972177468242,0.000470725460263329,0.000488541853445475,0.000140345752848103,0.000214284460858499,0.000469398788684864,0.000463354170212351,0.000104774468312251,8.63295013313354e-05,0.000223290698533387,0.00055684050394251,0.000486993786907706,0.000320295661601862,0.000250314911878913,0.00067499951913204,0.000940823733795395,0.000838536653690841,0.000501364775476931,0.000318203620617211,0.000474060594517307,0.000125242801230135,0.000358347568397546,0.00103755019892487,0.000109472172160809,0.000695129077282668,0.000243699917630635,0.000860536095722197,0.000468628823630168,0.000268561129100931,0.000809822006795602,0.00034733281283414,0.000567096524897563
"ENSG00000108510.10",0.00399550679383681,0.00857002435849721,0.0015557385396775,0.00504171533778715,0.00369275231295608,0.0124863667937944,0.0137663288626414,0.00772248764719256,0.00638467216677622,0.00696093328101616,0.000594606970683596,0.0122172403445241,0.00110494981795892,0.00131270967903186,0.00624528470666585,0.00193424123060499,0.0131896959692509,0.0065511154305822,0.00651222776177547,0.00153104468868334,0.00688810998124948,0.0191958655440638,0.000687415800172978,0.00395630766800713,0.0187105746866338,0.000594064263570915,0.000472265694923807,0.0117948518429733,0.0137388032298651,0.00302916009295021,0.000398945956855107,0.00117668341299172,0.00318664246427729,0.000752609090484823,6.03932821637858e-05,0.00226852625177727,0.00311714646124765,0.0023764375557686,0.00090694587798217,0.00132373522083345,0.00249006496832156,0.000814891118150145,0.00155898918499454,0.000633347028057471,0.000792456024638552,0.000160238317751781,0.00206558032661302,0.00060120340546502,0,0.00408672375229384,0.00283125472719089,0.0048898298061456,0.000415686900217651,0.000838968258982279,0.000288524623130889,0.000646327078327637,0.0027922161564689,0.00383963882441725,0.00226332737845768,0.00256605216366936,0.00664929582146535,0.00624302383727931,0.00165803213212457,0.000865197215236795,0.000380922531941901,0.00200642770111796,0.00124883972830744,0.00275605610002068,0.00257401843118455,0.000580708686352666,0.00112024177364525,0.00270509770962178,0.00264497595738903,0.000542822705468425,0.000385845178752888,0.00108713893760216,0.0026640010830141,0.00356421405765172,0.00186066426862379,0.00161242967482955,0.00334589232192899,0.00518354619656289,0.00478753318448633,0.00226296067273529,0.00173041997813822,0.0021575088297178,0.000530785024864931,0.00185524594274593,0.00503372069276978,0.000428571682411075,0.00272430905923404,0.00137938424919957,0.00402320835309712,0.00270961712417986,0.00113370493894257,0.00458909145394613,0.00197733073711765,0.00346576050118547
"ENSG00000114127.11",0.00672473966954298,0.0145651986662755,0.00272675006107862,0.00905308399513591,0.00636658676483583,0.0211830406733862,0.0231654658149635,0.0130455068113521,0.00952311359436671,0.00960385831907654,0.0012439734177197,0.020705783278114,0.00205858260917578,0.00264896027174944,0.0105500632871025,0.00364185810883301,0.0255805004518669,0.00942280724259112,0.0109551309282536,0.00284736816095696,0.0133908217674187,0.0307624299675627,0.00106973095796356,0.00687609708056939,0.0321612672490144,0.000985553201355459,0.000714962685909798,0.0189837579675622,0.0239025031483158,0.0051331528862504,0.000542802285745663,0.00223861050561742,0.005337569840314,0.00196687289869818,0.000150357640052214,0.00365343200766538,0.00537500779518073,0.00405477863803339,0.001610132973722,0.00200534573897929,0.0047273600149053,0.00149738980640116,0.00258519335441346,0.00107090831569297,0.00209340644412161,0.000174774541687916,0.00349515343837812,0.000651639992520198,0.00408672375229384,0,0.00546921445312863,0.00685887117492553,0.00112853791415063,0.00118179005450988,0.000561073668327977,0.00106414366106995,0.00476737466502715,0.00594678709401039,0.00352904083005639,0.00318035326447182,0.011291327805924,0.00988741186983669,0.00248994958292086,0.00152701873868011,0.000616595736889629,0.003967709913377,0.00170947403414304,0.00546797760413985,0.00398062866195854,0.000878435952493719,0.00216970315903736,0.00413251482457956,0.00534765332748284,0.00101268148097231,0.000650313548456659,0.00177720274861023,0.00433078353736123,0.00733204435247498,0.00383377091737319,0.00238892603472451,0.00565361115660716,0.00747643890075078,0.00794993993674364,0.00360657212306961,0.00214826618689287,0.00259022053296282,0.000598439201227496,0.0028737399001894,0.00819180136761797,0.000595075247118474,0.00423878994545113,0.00200236266608312,0.00669116561414412,0.00522612518350335,0.00150305534645138,0.0075138151804734,0.00302921603056474,0.00553820608746397
"ENSG00000115020.17",0.00442180197914563,0.00970486569801019,0.00179042070453985,0.00587130301579215,0.00412858824278623,0.0138086810542991,0.0151957059863475,0.00833599612462605,0.00638464115138168,0.00648586248475144,0.00084793733670236,0.0134721138572562,0.00133171648208773,0.0017068323041172,0.00692604406750824,0.0022841997784815,0.0167358233535456,0.0063993216684335,0.00713637885300245,0.001740329176417,0.00864314558333186,0.0205353920126424,0.0006337114180871,0.00432842908184954,0.0214935880479971,0.000544901290603239,0.000421031370262574,0.0126690379036682,0.0154078360317641,0.00330841284122031,0.000303544812065184,0.00154982261068525,0.00370119407400895,0.00115819805674905,9.31210529957621e-05,0.00244455350337604,0.00353009288073585,0.00268117420654726,0.00108276432630862,0.00147398319719079,0.00292542057692783,0.00105685216254161,0.00176538913662073,0.000750271501472391,0.00122132364012749,0.000151289842530222,0.0023670406161996,0.00051889299885771,0.00283125472719089,0.00546921445312863,0,0.00476823309934525,0.000670118795074025,0.000847181792524809,0.000435033374304859,0.000754955496059514,0.00276044791999472,0.00410164076327575,0.00240360069485896,0.00228103556824501,0.00744035034744052,0.00666222281580381,0.0015080736411353,0.00106007026907873,0.000405864701815659,0.00231001515963495,0.00125698663680483,0.00322014035952496,0.00279481039417998,0.000619888203206531,0.00145458832312146,0.0028724478362844,0.00322968873133053,0.000573637218156167,0.000469960082920551,0.00102274611149012,0.00286174485622411,0.00411585476939775,0.00262666180172795,0.00141150599580319,0.00373514408481872,0.00506728836306483,0.00549841541010435,0.00239864760762503,0.00158552974640533,0.0019350089683951,0.000372672318314835,0.0019802414402105,0.00546200597459048,0.000395233792897844,0.00285245389530656,0.00148557559372284,0.00448388701080529,0.00355293316182157,0.00113855812339599,0.00521856137105647,0.00211520770424181,0.00299295741658009
"ENSG00000115464.15",0.00680201171069964,0.0152568879870102,0.00264830781843797,0.00989033876470112,0.00629470588618589,0.0244453812253999,0.0235016513119947,0.0122227496745813,0.013722775763,0.0112630756516847,0.0012284566928533,0.0216462132472401,0.00267081209057282,0.00235778590918422,0.0121006963540567,0.00400455596059698,0.0288795684314399,0.0117922793221717,0.0107785699144868,0.00269562954819104,0.0120845064185105,0.0312868670592443,0.00126270852841506,0.00667791458069803,0.031989511463584,0.00102174697159082,0.000871526661615087,0.0192746481201097,0.0237635426469953,0.00518008241428199,0.000697111897774942,0.00227532826926595,0.00673268464386339,0.00156019801423839,0.000106032930291395,0.00361499749906951,0.00680221798346184,0.00438048988336843,0.00265993168591606,0.00206533708483588,0.00371790843071284,0.00131166815311398,0.00350887594977117,0.000912918384846209,0.00163075944177228,0.000253774153596229,0.00397059602173874,0.000903150428227662,0.0048898298061456,0.00685887117492553,0.00476823309934525,0,0.00145550333278504,0.00129848674484703,0.000551473347638164,0.001029656939368,0.00462380087033854,0.00702088061751353,0.00343935191688771,0.00390000058831078,0.0112322318905546,0.012705775169136,0.00261714358330604,0.00144682719161275,0.00181005425806147,0.00332920625313499,0.00192743749700115,0.00462871628058926,0.00481817346378549,0.000904550589041225,0.00337833417880387,0.00498611746841273,0.00490832809889387,0.000816601536475189,0.00072028870680422,0.00168369466956094,0.00406275589593484,0.00882730542635953,0.00370263636668725,0.00371788362861661,0.00692007151230177,0.0085659568293947,0.00990856631761222,0.00391048813913844,0.00330290214481706,0.00373773832492511,0.000837678666962017,0.00350106330642704,0.0111247586499624,0.00143664998071026,0.00433329409102502,0.00259246552180612,0.00658455900700074,0.00495422042518986,0.00278058160622084,0.00890388357958513,0.00364668955725138,0.00767482393546383
"ENSG00000116586.12",0.000817154583608619,0.00202285496924209,0.000402001304114619,0.00167434164704358,0.000799141489768012,0.00390592226770606,0.00286875861198687,0.00136392635666458,0.00230187405144365,0.00115604823248885,0.00026518802582761,0.00237789489410635,0.00062082142622275,0.00037082421150461,0.00189599854330947,0.000775621927536168,0.00580619184466848,0.00121806266761721,0.00160856773283208,0.000334702224979326,0.00171982995643369,0.00325637832663887,0.000141802077333601,0.000994126292180644,0.00438827200841544,7.60581375096996e-05,9.11229303591346e-05,0.00200681913445919,0.00286938373000714,0.000619952818147789,7.80129536210404e-05,0.000325127728143065,0.00118830995009437,0.000334776419287016,3.83806354942618e-05,0.000499242390506286,0.00123858451871563,0.000665461993303873,0.00070865364994987,0.000291820022559383,0.000693910125198515,0.000190213218249924,0.000647716164874832,0.000168030943676039,0.000351682226970294,4.07778534504157e-05,0.000501875660981037,7.42156939587764e-05,0.000415686900217651,0.00112853791415063,0.000670118795074025,0.00145550333278504,0,0.000167567384406588,9.94574407367489e-05,0.00015714249988992,0.000352075304289178,0.000598870848229402,0.000475111697117981,0.000335760543688483,0.00131367981564704,0.00197045586059744,0.000279112036560452,0.000226266395063013,0.000672084650178966,0.000393724974194371,0.00025770005058042,0.000739547257481673,0.000683350106472554,0.000122856649812603,0.000892811180299638,0.000359927941237446,0.000702666772802079,0.00011180474918794,0.000135449937762009,0.000205610062683954,0.000411986754874357,0.00146673928050115,0.000346790510961892,0.000670758067986035,0.00116869402425692,0.000440970162984572,0.00148376815362028,0.000684295061861104,0.000178769159129533,0.000178726174901526,0.000105985544773471,0.000462496566496166,0.00198430710347292,0.000381577679519079,0.000549131988730337,0.000236789046083626,0.00047000464041234,0.000929270775991986,0.000604291293086043,0.00118077460355014,0.000268332837264872,0.00100907337979451
"ENSG00000117362.13",0.00136328751549317,0.00281790842337465,0.000575349199148612,0.00153526366491688,0.0012155676571148,0.00390750991120345,0.00433739274840363,0.00237522056981616,0.00174124375089582,0.0020208608896114,0.000232032929101717,0.00361452621410794,0.000416366031619154,0.000418943962366706,0.00198508586940606,0.000636978610569762,0.00391198346690352,0.00184216884957975,0.00212871191118281,0.000436024119081722,0.00188948972824447,0.00646799728897571,0.000186090514134941,0.00120967103149966,0.00575320905952086,0.000145174465002059,0.000145820973238947,0.00396922595107485,0.00416193323605331,0.000898995737882616,0.000179766295460869,0.000357446672127247,0.00105913447693714,0.0002322551761772,2.782441998818e-05,0.000750654072310034,0.000978838960627204,0.000771809458446631,0.000289727987011502,0.000360272194300073,0.00109967519985093,0.000280297824875321,0.000406788026312911,0.000259699789254267,0.000237089364951227,7.65847336825161e-05,0.000645839024987048,0.000205333866155881,0.000838968258982279,0.00118179005450988,0.000847181792524809,0.00129848674484703,0.000167567384406588,0,0.000125729588967232,0.00021618030156253,0.000625346145245986,0.00125136596608463,0.000830485787261916,0.00081447520075025,0.00206549519635441,0.00210828282550347,0.000527480756321645,0.000310285204359943,0.000171093684962805,0.000470311072370233,0.000469980002194043,0.000872532002449977,0.000730907183128801,0.000220964604098238,0.000345065881737524,0.000873594913947299,0.000631572150699786,0.00020518833311712,0.000159218047364137,0.000312651805915571,0.000854473761115724,0.000970702031216578,0.000519654434348428,0.000432558754985717,0.00106181892852907,0.0013062338821617,0.00148292980799052,0.000758983756977485,0.000448019303241987,0.000632031058443258,0.000190403072203664,0.00061063491861114,0.00162031646183736,0.000122121622016579,0.000984782112098705,0.000378981706470249,0.0012661898803467,0.000816253493108722,0.000353314520194408,0.00142381435754891,0.000649056059154464,0.000775694834669825
"ENSG00000117625.14",0.000603249419775898,0.00133015505526435,0.000257053799454146,0.000725151743369547,0.000522699873985389,0.00178298965128765,0.00203971987117751,0.000924792607476988,0.000621679875190359,0.000680310042546233,0.000140621984714884,0.00166790272231289,0.000196796474206203,0.000223433389068591,0.000923944149660608,0.000287305850230797,0.00199945053604093,0.000729942325377617,0.00092895010080747,0.000171870227564044,0.000946897902926925,0.00296135883300673,4.55060690592804e-05,0.000434831593718968,0.00271766103880056,2.46567750315835e-05,5.48255244735776e-05,0.00182211899273846,0.0020378708598294,0.000371478104439367,5.43940945874462e-05,0.000224519145998035,0.000507108347802077,0.000159637178811056,1.60557121715117e-05,0.000281305818107333,0.000424139584970344,0.000334882985652887,0.000131535434451707,0.000149731577866319,0.00047583294768565,0.00015255178145343,0.000177437604408065,0.000109107472787813,0.00016290271088002,4.51769617585435e-05,0.000334646558161714,6.45710800656886e-05,0.000288524623130889,0.000561073668327977,0.000435033374304859,0.000551473347638164,9.94574407367489e-05,0.000125729588967232,0,9.72518568793938e-05,0.000130731287947175,0.000576974681077329,0.000320256278462002,0.000240886713271463,0.000888179394441184,0.000887721994172143,0.00014069937824831,0.000155285347351294,6.27429997796886e-05,0.000166597312080961,0.000178835852353008,0.000347678040764497,0.000316808660319295,9.01900089870643e-05,0.000177518651957788,0.000421677558313392,0.000294623743871779,6.52708755342672e-05,8.35063747793132e-05,6.72195711060888e-05,0.000300384533127702,0.000433193189892112,0.00038640675479128,8.51610546997364e-05,0.000451227213244481,0.000422424532948379,0.000777678401887006,0.000281329864125783,0.000167811802631504,0.000220766759384242,3.48369795119414e-05,0.000243944271348357,0.000712007690445265,3.02963339042798e-05,0.000387817464770407,0.000203688240659306,0.000557891573813325,0.000447055807924191,0.000139663811897667,0.000735836647083927,0.000317305511646078,0.000117498984504651
"ENSG00000121741.17",0.00102177621633335,0.00224247939209903,0.000431283856098513,0.00132170358515358,0.000937928778738197,0.00309093975927291,0.00342976055823064,0.00174791712557343,0.00146196649797531,0.00150064840967959,0.000201835186769293,0.00286016074403552,0.000334764135779503,0.000375630893202596,0.00156629973278379,0.00052136116819369,0.00344798254768828,0.00146658608138152,0.00160227379407974,0.000353504759928995,0.00172422112180931,0.00452724334498366,0.000124443630431075,0.000911202624504863,0.00528224446401455,9.87566266411022e-05,8.76142379582521e-05,0.00277520916191896,0.00333425175785442,0.000718858325936282,7.29863594469986e-05,0.000311283102102576,0.000951582573272674,0.000244675932880551,2.48002388429278e-05,0.000563157128383906,0.000792941649196817,0.000619722015876284,0.000259652556198062,0.00035401134369352,0.000864542531825614,0.000236367914828363,0.000379865807222477,0.00019361480143829,0.000252509738918649,4.9485409141997e-05,0.000513298438317584,0.000137334922055698,0.000646327078327637,0.00106414366106995,0.000754955496059514,0.001029656939368,0.00015714249988992,0.00021618030156253,9.72518568793938e-05,0,0.000659880389304814,0.000804411022641066,0.000563053745394132,0.000542759827504648,0.00165615319210372,0.00150700483164381,0.000371318245221565,0.000265311518219786,0.000124068770768478,0.000453853119641741,0.000345221155454897,0.000790170696375187,0.000590602956525797,0.000157428634742486,0.000319350783040849,0.000568863723361038,0.000761206529467096,0.000142797575112194,0.000117749333972176,0.000227886071304156,0.000609890998431585,0.000754265560224472,0.000466749730844935,0.000363883022175061,0.000844500067906587,0.00108079760479582,0.00130856410465609,0.00055330598439495,0.000337047764545231,0.000444377124902716,0.000132151693211038,0.000438549290367231,0.00114989953444327,0.000101950329719389,0.000664610641233706,0.000290899674458466,0.00097780518608557,0.000822908991828774,0.000330408334581767,0.00124574403136261,0.000422150951051278,0.000504959873608499
"ENSG00000123104.12",0.00383141741449029,0.00849992963311663,0.00150535929392556,0.00552261654056704,0.00374604398382495,0.0128038154021786,0.0140310111511506,0.00846270910574717,0.0067227356216096,0.00639425450322091,0.000616716532150681,0.0142790497271169,0.00119839000834044,0.00143837025934996,0.00637910052384226,0.00215986733726154,0.0128597071915409,0.00653366249338894,0.00609660050717747,0.00170453232546224,0.00708642506595574,0.017016573223392,0.000647922828830459,0.00381984077509214,0.0223186662150176,0.000701706997856177,0.000513843244246786,0.0104401143971114,0.0142911744767687,0.00314451314599151,0.000262931358866276,0.00100333023343273,0.00362605175900149,0.000954940055505552,3.34874138641945e-05,0.00207698924820783,0.00321653812241856,0.00244253760008879,0.000984332004301873,0.00123772677890085,0.00292111136042062,0.000713683271659482,0.00150649359437091,0.000510735994724647,0.00105320187473577,0.00010525569229448,0.00192370178403061,0.000414945645330237,0.0027922161564689,0.00476737466502715,0.00276044791999472,0.00462380087033854,0.000352075304289178,0.000625346145245986,0.000130731287947175,0.000659880389304814,0,0.00343342642439828,0.00178123788072525,0.00200476112961975,0.00680330146043091,0.00562972230576384,0.00166587105900191,0.000837389817876312,0.00040603597433672,0.00236944844198606,0.00117484881436227,0.00373072185290485,0.00211812519960031,0.0004785597868906,0.00110162969527832,0.0025742000811916,0.00361518606846737,0.000750788870488449,0.00029250198328983,0.00112735897464282,0.00275273893257856,0.00483763927404441,0.00190495564609916,0.00246951581980046,0.00339118049147402,0.00601765828285974,0.00524291079738226,0.00196993483836298,0.00178349328331212,0.00218255445398342,0.000600021663668828,0.00194617198258953,0.00419573053507871,0.000463487617774003,0.00212183226281272,0.000912743400675003,0.004516308249968,0.00297717945004967,0.0011918206771406,0.00503710859181506,0.00186937296287776,0.00426219794407569
"ENSG00000124222.22",0.00737291429453772,0.0148836750079422,0.00237143965541442,0.00778906048233492,0.00584351836664091,0.0194778308324137,0.0211896566610859,0.0154712407531833,0.00798006013840017,0.00984604417338436,0.000808211037962809,0.0215701272808131,0.00175065961762972,0.00197348417313286,0.00967243248378508,0.00324771556048231,0.0191252866979194,0.0080438669696487,0.011053261335473,0.00267215910981322,0.0103536386638642,0.0279712043630753,0.00125787819472255,0.00697429811854308,0.0282922543467041,0.000996626660068745,0.0010836788627495,0.0173009644549037,0.022584346957785,0.00499759228405644,0.000935771749587984,0.00199273093650618,0.00530673917708482,0.00120561576883048,6.61777440733357e-05,0.00375083042128615,0.00488581625528836,0.00369994240918905,0.00136908898017888,0.00148468739212662,0.00289311725750131,0.00102637336722887,0.00172404044837841,0.00119898161752994,0.00129469188058293,0.000317860208925247,0.00353079142249095,0.000890283939876774,0.00383963882441725,0.00594678709401039,0.00410164076327575,0.00702088061751353,0.000598870848229402,0.00125136596608463,0.000576974681077329,0.000804411022641066,0.00343342642439828,0,0.00351996717484619,0.00327454079620395,0.0103116719081155,0.00883568042553747,0.00124989650035123,0.00104957319170135,0.000726847216956961,0.00208346698751604,0.00184963866315086,0.00367651982956074,0.00247449606796451,0.000895231953160663,0.00158571174755062,0.0052450788109654,0.00252869429496023,0.00096794354812654,0.000745631348194164,0.00131752085743478,0.00516424036903785,0.00717514709851871,0.00459761179151129,0.00152239745597652,0.00526621577627861,0.00741007145003212,0.00802396258348815,0.00358819482478027,0.00274633117676177,0.00323943154797315,0.000505775206989774,0.00299452544092132,0.00983901265949465,0.000772636992487551,0.00520823985699518,0.00157466648634827,0.00816467017701948,0.00338366510544772,0.0012469920887885,0.00781111518498023,0.00388605000261433,0.00654360270705616
"ENSG00000131503.21",0.00345853982738015,0.00721282018084587,0.00143443188464978,0.00417742177328713,0.00324133510717628,0.0105985037049562,0.0117347860127961,0.00701682929403776,0.00464454904774684,0.00566719604838147,0.000613634704208251,0.0100714124438282,0.00107988377556077,0.00113143456217954,0.00535303952620618,0.0017115416895295,0.0111456652193771,0.00489638036377834,0.00608894078876028,0.00120280303254346,0.00541172924739964,0.0175903817183361,0.000474042869933068,0.00345711420348042,0.0156934770752746,0.000392238440490908,0.000373303908529901,0.0108219777156442,0.0113591836412956,0.00247124417332119,0.000425832872350136,0.00100928021282503,0.00270781217497236,0.000684485580165006,6.99878695259285e-05,0.00212440171911306,0.00264190191938069,0.00206505821390262,0.00075184363392698,0.00108777969187641,0.00252652023237188,0.000783358159257906,0.00111835348664849,0.000659110882660068,0.000726592667117138,0.000184669408976815,0.00171998573159404,0.000511801466047055,0.00226332737845768,0.00352904083005639,0.00240360069485896,0.00343935191688771,0.000475111697117981,0.000830485787261916,0.000320256278462002,0.000563053745394132,0.00178123788072525,0.00351996717484619,0,0.00227618115772626,0.00562486292174656,0.00569999403352031,0.00130470355302932,0.000760538858258762,0.00042144418557001,0.0014002289450077,0.00126933111012705,0.00241323455339486,0.00203558745876231,0.00055854013439811,0.000956193382937782,0.00243956756904345,0.00169977151040169,0.000548603457840121,0.000405908904202173,0.00089731620084071,0.00252565434346307,0.0027999694525252,0.00144565122667967,0.00120601975820924,0.00286237340923229,0.00361739602319389,0.00402219589271188,0.00213246256498092,0.00106131265531841,0.00160873684645893,0.000450259321126651,0.00170327271529529,0.00464551368669425,0.000288744404399765,0.00260322849527358,0.00105385779178951,0.00331355413014159,0.00229007338296708,0.000781859279266672,0.00386592334538992,0.00179665920522309,0.00247803109580046
"ENSG00000132466.19",0.00329554208608529,0.00695483536208378,0.00127573701667512,0.00400617192118896,0.00308301236968199,0.010409710534121,0.0115219441739294,0.00679022257488358,0.00524586106324114,0.00641444947198229,0.000470389378248807,0.00979297386482587,0.000913181578779532,0.000987539435883858,0.00521115449416473,0.00154392980827586,0.0106364824564391,0.00553602549380927,0.00593934045136848,0.00117356558365057,0.00529564172144815,0.0174074687369388,0.000539034361410877,0.00345071921929328,0.0148953735552667,0.000457480830750389,0.000372511782126415,0.0106817283584373,0.0111661897243596,0.00248285788579894,0.000397477759059685,0.000904782136373016,0.00253031626223146,0.000499766508212926,5.43500077865043e-05,0.00209417264868423,0.00256405824556918,0.00197818833418806,0.000710058373188288,0.00120158517054377,0.00208949870242483,0.000710348375891193,0.00125330526151491,0.000583944855061785,0.000526555505049052,0.000164254569633998,0.00162496961241907,0.000585417022606502,0.00256605216366936,0.00318035326447182,0.00228103556824501,0.00390000058831078,0.000335760543688483,0.00081447520075025,0.000240886713271463,0.000542759827504648,0.00200476112961975,0.00327454079620395,0.00227618115772626,0,0.00552602642531801,0.00564582986917022,0.00146040308303393,0.000685999220690724,0.000354500557888612,0.00156459320894135,0.0012160812268958,0.00219577579489276,0.00228826454509735,0.000532648196590232,0.000891522044829267,0.00229240163100312,0.00186921518388003,0.000467810719779528,0.000330615511593667,0.00100957835862396,0.00244642839536734,0.00248552256096085,0.001193409253852,0.0013592754075609,0.00279567386643835,0.00415677635346443,0.00369528578324733,0.00212599358674505,0.0012347709315667,0.00187781448010013,0.000500363003602464,0.00165532729876797,0.00447060117510188,0.000331549414044116,0.00255497689976417,0.00118562836324292,0.00317175665943393,0.00210905083604596,0.000872191825693761,0.00356034254007204,0.00166980839544117,0.00286709757851572
"ENSG00000133858.17",0.0105072696450288,0.0224287803345534,0.00422621131803971,0.0131652666625623,0.00961594568409926,0.0318132682973304,0.0350381811701081,0.0199301558558757,0.0147424871872351,0.0154775988943864,0.00180387438172103,0.0318083936931476,0.00312780446174631,0.00366237068706394,0.0159960711070731,0.00526442932070502,0.0345470913709621,0.0149647577627773,0.0164232216639696,0.00397755377638437,0.0178705751543178,0.0478906467685856,0.00159090070583511,0.00990652848018844,0.0490932759752903,0.00138200466021283,0.00119351612939156,0.0294912902017376,0.0351984504356531,0.00761641306622094,0.0010268638155406,0.00319412488884217,0.00853975353259446,0.00235359788497699,0.000180213113180658,0.00565157289515894,0.00803106111546864,0.00616242393268769,0.0023963693753874,0.00300118140115233,0.00722907807749548,0.00217960879338595,0.00363964516320251,0.00173211019572429,0.00248697547326085,0.00042325485614638,0.0053975086109955,0.00130138712710503,0.00664929582146535,0.011291327805924,0.00744035034744052,0.0112322318905546,0.00131367981564704,0.00206549519635441,0.000888179394441184,0.00165615319210372,0.00680330146043091,0.0103116719081155,0.00562486292174656,0.00552602642531801,0,0.0155514503470146,0.00373106714895908,0.00232939747049587,0.0010825993323374,0.0047883050933594,0.00313074882205803,0.00748822403911033,0.00582087917778794,0.0014822918469919,0.00297497475694095,0.00708004089833832,0.00661083409671732,0.00154444152263614,0.00110313149669458,0.00244226121420346,0.00681827500532418,0.00999131464291092,0.00551490825595628,0.00376057800304222,0.00856165300563543,0.0120160120034705,0.0127495424856093,0.00556037482915147,0.00400741493661196,0.00489014630303915,0.00116718025421843,0.0047417853910523,0.0127818834122245,0.000999010544874033,0.00685759638344057,0.00309831882898212,0.0107429908100891,0.00725980570997163,0.00266573085569688,0.0121960739434126,0.00521986290019783,0.00792997343937767
"ENSG00000134153.10",0.00951630829647325,0.0211874846545166,0.0040218720263658,0.0134522118334145,0.00894518344366763,0.0340583258735328,0.0327853906764548,0.0173844884918229,0.0180897792607084,0.0141404136637813,0.00213878258248513,0.0302545519182551,0.00443764555006998,0.00332724614161477,0.0179386313879122,0.00630661205562033,0.0416174704374088,0.0155730868153059,0.0154276201356548,0.00333160304352165,0.0155429919508097,0.0484891197270816,0.00123591427519207,0.00876073429291142,0.0428008655987893,0.00113251518909522,0.000959775400540635,0.0298494104636832,0.0323093278079668,0.00663208111861133,0.00108280599598646,0.00286199555861903,0.00964192741408544,0.00198294227763834,0.00016082583003779,0.00516899010177413,0.00949571380919645,0.00615643578641757,0.00363841858483841,0.00259147377230294,0.00735992317618383,0.00217348733536995,0.00439069481950572,0.00156035088273013,0.00206979985684633,0.000432706881165131,0.00489602643791896,0.00126128359056545,0.00624302383727931,0.00988741186983669,0.00666222281580381,0.012705775169136,0.00197045586059744,0.00210828282550347,0.000887721994172143,0.00150700483164381,0.00562972230576384,0.00883568042553747,0.00569999403352031,0.00564582986917022,0.0155514503470146,0,0.00385581168382166,0.00220946350154182,0.00292591020665154,0.0041466484221916,0.00314936004756938,0.00673196860675171,0.00677819605738747,0.00145097739707764,0.00510953567068439,0.00710439600142493,0.00602876384227846,0.00147165157412978,0.00102894952159641,0.00225119922118494,0.00622539072513209,0.0112929462591756,0.00456819822538483,0.00567325792681889,0.00963239219406077,0.0108225693239576,0.0120067346933216,0.0056068441559563,0.0034993471868731,0.00552674021639457,0.00116885367296319,0.00547532923293621,0.0144646213804925,0.00164672329883303,0.00638518987827318,0.00313739931943008,0.00959049319200127,0.00695209989222683,0.00369920087932533,0.0108286284092826,0.00523777987073604,0.0080288283599406
"ENSG00000135390.21",0.00220391187400576,0.00460392940029792,0.00107257075440371,0.00280582838549816,0.00220982200005318,0.00713033446444911,0.0079002827132047,0.00367745120757866,0.00366568389495069,0.00372328307472207,0.000396795218805238,0.0065062373318218,0.000717739685587662,0.000777342169576644,0.00360783076403437,0.00114931745249937,0.00708470992400854,0.00385753537741845,0.00341910860847204,0.000856596202600831,0.00357615291574015,0.0118241353121277,0.000400807606906802,0.00206523625125393,0.0099460951619901,0.000371190267486644,0.000272351649430687,0.00724521305913116,0.00757067066873762,0.00163926477145786,0.00031236560207194,0.000563224819035039,0.00160392966319821,0.000431006366424593,4.37714695844665e-05,0.0011932183492394,0.00175890198893834,0.00136775744125171,0.000504997019476873,0.00058384243208885,0.00214208543216416,0.000473936610365781,0.000852676705235995,0.000349384037850283,0.000449360207156129,9.29469949878084e-05,0.00110719757215739,0.000324476606602279,0.00165803213212457,0.00248994958292086,0.0015080736411353,0.00261714358330604,0.000279112036560452,0.000527480756321645,0.00014069937824831,0.000371318245221565,0.00166587105900191,0.00124989650035123,0.00130470355302932,0.00146040308303393,0.00373106714895908,0.00385581168382166,0,0.000582904384238666,0.000250472569981941,0.0012358510661605,0.000727289697918422,0.00179954687701859,0.00153154432199888,0.000363058633301016,0.00059856164917686,0.00144406678251756,0.00148493172630882,0.000402227042701872,0.000222745655371102,0.000701476790933654,0.00128205774560687,0.00208148148521668,0.00060481485412994,0.00113854315323643,0.00188587457408625,0.00275239527076159,0.00241633965743264,0.00124269091357527,0.000986568053331519,0.00115533192419734,0.000429279754824135,0.00105744293579525,0.00239327150939847,0.000214385519056443,0.00141953958067842,0.000750622174734165,0.00195190006536403,0.00144455669030002,0.000679606271475255,0.00229514936306417,0.00105906383407786,0.0017948047774375
"ENSG00000136044.12",0.00146594116264618,0.00317315829300345,0.000675068300189371,0.00184566272031669,0.001361630047544,0.00435513060573766,0.00484233318762693,0.00223477868135136,0.00197657375759975,0.00184565164275486,0.000317999888900372,0.0040375702699674,0.000497059497812022,0.000558182929989135,0.00222775753830981,0.000748827282980019,0.004865403226671,0.00201849483381235,0.00208606259369576,0.000503183892174533,0.00241404462099713,0.006681680130226,0.000175794872781601,0.00119394529347298,0.00704451303507171,0.000142556150448897,0.00012923640101475,0.00410501386741662,0.00467714646754862,0.000983283190714327,0.000131599480899075,0.000458207038594091,0.00127785550011014,0.0003599270514042,3.52789920043852e-05,0.000730995090343288,0.00111829608579327,0.000877589821960845,0.000360687048194834,0.000400942442435169,0.00136086859821083,0.000345995969646806,0.000512505183170413,0.000265947551251494,0.0003686486533356,6.96202454031174e-05,0.000757511412416178,0.000176188863665673,0.000865197215236795,0.00152701873868011,0.00106007026907873,0.00144682719161275,0.000226266395063013,0.000310285204359943,0.000155285347351294,0.000265311518219786,0.000837389817876312,0.00104957319170135,0.000760538858258762,0.000685999220690724,0.00232939747049587,0.00220946350154182,0.000582904384238666,0,0.000173027400666691,0.000612600273700191,0.000462130153169116,0.00109443985397516,0.000832852240151198,0.000228422772173571,0.000444058035241512,0.000893973678578041,0.00097284634276366,0.000215834801217989,0.000177967741058158,0.000287715336222048,0.000784099031779569,0.00117964763494752,0.000701545266953183,0.000494262291085288,0.0011864435704296,0.00145148251209329,0.00182736005031219,0.0007264936806931,0.000530241741680654,0.000619069705656245,0.000182259430469341,0.00063288863030566,0.00154090034479605,0.00012509141643102,0.000892619200916115,0.000431449932626957,0.00138306987476816,0.00112768333188522,0.000450842800463872,0.001733080738622,0.000668282023450667,0.000606239395484079
"ENSG00000137817.17",0.00081840371053378,0.00212355532621339,0.00034790067804348,0.00179251619396606,0.000665803982688198,0.00463785233261719,0.00247696266465591,0.00139908610286366,0.00318930704732619,0.00100148340696413,0.000278966132521373,0.00293802009681799,0.000903509249704807,0.00026408549037791,0.00230654512323348,0.00096610841522115,0.00700055061624823,0.00145559372090634,0.00139789210054109,0.00024453140999196,0.00100615224929266,0.00303434601342117,0.000104720305605861,0.000836620662437388,0.00350209092729805,7.62645370956383e-05,9.65205915511074e-05,0.00185386558547101,0.00255977394231449,0.00048880217778989,0.000109711775401463,0.00016258408274143,0.00163690832848481,0.00014537007112875,1.81781330874544e-05,0.000409627657870778,0.00160893693134613,0.000705129995298166,0.00111409871567457,0.00016795308880922,0.000739395566870912,0.000127664635937457,0.000877668281249637,0.000165443735178248,0.00014984391379696,4.97243294363715e-05,0.000333163770961929,0.000103404308029449,0.000380922531941901,0.000616595736889629,0.000405864701815659,0.00181005425806147,0.000672084650178966,0.000171093684962805,6.27429997796886e-05,0.000124068770768478,0.00040603597433672,0.000726847216956961,0.00042144418557001,0.000354500557888612,0.0010825993323374,0.00292591020665154,0.000250472569981941,0.000173027400666691,0,0.000198045125575518,0.000269906870361151,0.000562094444779826,0.00077773280701671,0.000123619869997714,0.00129687713845565,0.00039790934746495,0.000732139750839488,0.000141040801615468,9.74267455438093e-05,0.000158834529808792,0.000466609097263023,0.00199486081694975,0.00025644072210363,0.00124087390738009,0.00157695522385233,0.000594282498470188,0.00128671153226952,0.000649039535876264,0.0002071476147489,0.000586804306244493,0.000124020467493759,0.000752321414332199,0.002128704398786,0.000663906593873068,0.000552157819311527,9.85518370229887e-05,0.000725604101702737,0.00067054412481589,0.000945172580320818,0.000829252073935366,0.000300633529329265,0.00132994456555791
"ENSG00000138688.16",0.00269181929291064,0.00599492861873284,0.00103670749546458,0.00381776667463236,0.00260129166835933,0.00896855962729944,0.00980190328848078,0.00524893560621275,0.00468223094208145,0.0046940110102631,0.000430094087278397,0.00860290248363955,0.000752360120397407,0.00105278295433561,0.00442370351900171,0.00144099090825711,0.0108512170075879,0.00463344179923437,0.00451365499583884,0.0012103778785847,0.00582627871130881,0.0128420198078431,0.000503799845561276,0.00291852963202059,0.0134937692572476,0.000477684277644278,0.000286050363218713,0.00789968758308676,0.0101404348355149,0.00221824121616566,0.000170606561428497,0.000883891629930987,0.00216747432460222,0.000739228217463248,5.48913949434389e-05,0.00151563545973415,0.00225775230933526,0.00167596276485138,0.000672591584781724,0.000990285655259659,0.00172096736437856,0.000594881476089393,0.00127160359123107,0.000380603295568911,0.000784089935173916,4.63148416879607e-05,0.00141396751779608,0.000319414229372906,0.00200642770111796,0.003967709913377,0.00231001515963495,0.00332920625313499,0.000393724974194371,0.000470311072370233,0.000166597312080961,0.000453853119641741,0.00236944844198606,0.00208346698751604,0.0014002289450077,0.00156459320894135,0.0047883050933594,0.0041466484221916,0.0012358510661605,0.000612600273700191,0.000198045125575518,0,0.000663531456464745,0.00227305740533729,0.0019662086549096,0.000344099565031213,0.00090835177466626,0.00155167415274331,0.00264479994528357,0.000362835588538085,0.00020567713516164,0.000870856121466794,0.001722752348705,0.00290942023489924,0.00141214540481563,0.00120403267627038,0.00237604284116754,0.00368520825125297,0.00317013998706934,0.0015141055584113,0.00104492100446566,0.0012852066071651,0.000298844147977663,0.00116125968261783,0.0032387413123117,0.000288397160668564,0.00168360891362967,0.000974393364621588,0.00267491834937035,0.00220639092403092,0.000746896635072265,0.00298718919733668,0.00111868061420451,0.00266289155829822
"ENSG00000143164.15",0.00191176396011063,0.0040330125358483,0.000839978620117391,0.00237130800443528,0.00182505444544098,0.00589742566020935,0.00657716064944325,0.0037711297937853,0.00261876885630914,0.00303510747994172,0.000379718960382679,0.00570861758241171,0.000662411776445856,0.000644454688315587,0.00301499936420497,0.000977127917318935,0.0057500657872033,0.00274711273976389,0.0032654285655139,0.000627176762430693,0.00274062111003324,0.00952581161989863,0.00022053593340299,0.0017586793911943,0.00974602152782396,0.000182261201756589,0.000201726804744325,0.0058477062261559,0.00617551600253635,0.00133853683681028,0.000222201311330554,0.000537990778562346,0.00169965823026919,0.000390093974632544,3.73081449180697e-05,0.0011569917851789,0.00147684424231046,0.0011788197000512,0.000441625428630102,0.000610378323355524,0.0016451954916074,0.00043898719581293,0.000582790950660548,0.000371034739394498,0.000414226622993776,0.000119854098975651,0.000971091728458087,0.000281972177468242,0.00124883972830744,0.00170947403414304,0.00125698663680483,0.00192743749700115,0.00025770005058042,0.000469980002194043,0.000178835852353008,0.000345221155454897,0.00117484881436227,0.00184963866315086,0.00126933111012705,0.0012160812268958,0.00313074882205803,0.00314936004756938,0.000727289697918422,0.000462130153169116,0.000269906870361151,0.000663531456464745,0,0.0014762764675295,0.00103420857910558,0.000320855146729651,0.000516616275820095,0.00138080544457582,0.000972251700955948,0.000336163738107627,0.000245555166849477,0.000449348676018247,0.00136537480965394,0.00152376224012562,0.000737683490062191,0.000798046612148824,0.00159909299378058,0.00205472903218108,0.00254018026257023,0.00114483461734875,0.000639586780090865,0.000921864969039703,0.000302931909036399,0.000978335665684999,0.00245684445988361,0.000165982463910995,0.00136304084322135,0.000526800847397898,0.00187208324773016,0.00135278248925551,0.000524650980178051,0.00244942950677197,0.00102166474775973,0.00120278616795079
"ENSG00000143575.15",0.00454184674492374,0.00982287478849088,0.00194235463130941,0.0060694473625438,0.00435036504040219,0.0141798676543603,0.0156707950616146,0.00831486022142202,0.00647985498705755,0.00646180163974439,0.000896311310477452,0.0136702444071095,0.00158152494374721,0.00172679094015964,0.00716906935432643,0.00249131434071916,0.0149006869672848,0.00646537651221718,0.00718368049526635,0.00172974639628815,0.00758472535099665,0.0203507590186156,0.000605492239249244,0.00417105142567336,0.0241775118382182,0.000561907555936271,0.000479410986839103,0.0124901237823195,0.0153588063350318,0.00329732924718491,0.000418813863148515,0.00131236956811815,0.00411598586793829,0.00130066860330339,0.000102332652040708,0.00244131816654456,0.00357365384847186,0.00279068323997737,0.00110318210404614,0.00132100489124795,0.00410119893232574,0.000956073605337987,0.00151855883643984,0.000737856443117788,0.00137350801529726,0.000188204264929441,0.00233377543733598,0.000470725460263329,0.00275605610002068,0.00546797760413985,0.00322014035952496,0.00462871628058926,0.000739547257481673,0.000872532002449977,0.000347678040764497,0.000790170696375187,0.00373072185290485,0.00367651982956074,0.00241323455339486,0.00219577579489276,0.00748822403911033,0.00673196860675171,0.00179954687701859,0.00109443985397516,0.000562094444779826,0.00227305740533729,0.0014762764675295,0,0.00230842299947315,0.000637852339267466,0.00131379798710184,0.00278040309291634,0.003622057456716,0.000807912929066385,0.000491672726104295,0.00115838260274284,0.00278311068638522,0.00474440305888293,0.00202576925613724,0.0020899349565094,0.00378069643314835,0.00492611133597985,0.00612133520471491,0.0024012099416687,0.00143998154957503,0.00182704565962021,0.000663722545071865,0.00198494059708483,0.00526000436333133,0.000420636727010692,0.00277513624980506,0.00111541696033765,0.00440764479116292,0.00350932723603923,0.0012543076811566,0.00582920749105509,0.00204665056554968,0.00344984742435472
"ENSG00000147162.14",0.00324061034932805,0.00773924293377424,0.001338288379877,0.00497985823563576,0.00316114670560964,0.0122659066854575,0.0119256969322397,0.00577865070480706,0.0068951465516217,0.00562908913287431,0.000697150543219135,0.010784772588942,0.00118705270878218,0.00123396135301259,0.00592409229015293,0.00175541309323229,0.0161151192453447,0.00609721935444802,0.005360232016514,0.00120003266918417,0.00675889441331056,0.0180854528970456,0.000426196486478646,0.00319702030098913,0.0154078994187388,0.000408655012454996,0.000226936297215484,0.011129331116886,0.0115506169992805,0.00244883945203802,0.000218868434447933,0.00114309837116687,0.00323084557362968,0.000710772403211467,6.08383966611292e-05,0.00186231790472756,0.00336825911387346,0.00224934349153253,0.0013041371286246,0.0012473840427863,0.00224880193605613,0.000890804004270017,0.00198059192566106,0.000500051430314898,0.000730495683188376,0.000107373974082752,0.00175658592142949,0.000488541853445475,0.00257401843118455,0.00398062866195854,0.00279481039417998,0.00481817346378549,0.000683350106472554,0.000730907183128801,0.000316808660319295,0.000590602956525797,0.00211812519960031,0.00247449606796451,0.00203558745876231,0.00228826454509735,0.00582087917778794,0.00677819605738747,0.00153154432199888,0.000832852240151198,0.00077773280701671,0.0019662086549096,0.00103420857910558,0.00230842299947315,0,0.000498529203793899,0.00172266216583864,0.00233725811217211,0.00284186892017421,0.000375406744187561,0.000299990594264526,0.000899425903392236,0.00210334929595295,0.00347976880751256,0.00168263381383196,0.00193885756090673,0.00344361007626839,0.00443046468432738,0.00412751884467102,0.0020551238608678,0.00129820274987293,0.00213009221754719,0.000348493433086683,0.0019569766758212,0.00468739712153832,0.00055264426243422,0.00215947084770078,0.00148012402919871,0.00324390008486465,0.00288108646491724,0.00128938751723759,0.00365233258348431,0.00170345940083453,0.00281841854896384
"ENSG00000155115.7",0.000992107714109598,0.00205945881750481,0.000417549763172579,0.00112494170905734,0.000870698152589961,0.00279912351409508,0.00309860890533452,0.00170324452688854,0.00123776995368281,0.00137817243044151,0.000169518049447071,0.00264586264326354,0.000301546818243949,0.000312458753802395,0.00141984891816321,0.000469099372757628,0.00285345638502935,0.00128572875272186,0.00148944297301265,0.00032494553504943,0.00140523282109714,0.00444710117230391,0.000136567779295644,0.000862860699252028,0.00422605930498106,0.000107333600564194,0.000107209446355037,0.00272931025829581,0.00302040778242762,0.000651276706745544,0.000121233084342583,0.000259173763737022,0.000786469453604301,0.000176516212317142,2.00615703778643e-05,0.000523752889101652,0.000707835375192684,0.000555921247879687,0.000217160915986227,0.00025102161551458,0.00080522829409625,0.000198228194247491,0.000294891308055267,0.00018955657149088,0.000180781560587896,5.27298834347809e-05,0.00046231311769639,0.000140345752848103,0.000580708686352666,0.000878435952493719,0.000619888203206531,0.000904550589041225,0.000122856649812603,0.000220964604098238,9.01900089870643e-05,0.000157428634742486,0.0004785597868906,0.000895231953160663,0.00055854013439811,0.000532648196590232,0.0014822918469919,0.00145097739707764,0.000363058633301016,0.000228422772173571,0.000123619869997714,0.000344099565031213,0.000320855146729651,0.000637852339267466,0.000498529203793899,0,0.000256225182901124,0.000601518169615644,0.000489948744765969,0.000148844704958692,0.000113729275061212,0.000212615971120742,0.000601975184991726,0.000723517943279591,0.000409522627617627,0.000300942440830472,0.000763550272917097,0.000941807032410567,0.0010679964281739,0.000523630445892249,0.000331607814047664,0.000441625407368889,0.000129275100859493,0.000427501100915857,0.00111802893335956,9.36152536824147e-05,0.000688961003944506,0.000251163908381602,0.000944520032655084,0.00060452273882403,0.000264889818766809,0.00102420707670481,0.000448640731008292,0.000529632938690763
"ENSG00000155849.16",0.00181620601719927,0.0046434378596661,0.000747382172141051,0.00354370728433083,0.00165652710706179,0.00862307380285156,0.00627662720240217,0.00335553986511893,0.00528274287917133,0.00263308388205131,0.000564145845553154,0.00661158550437209,0.00133120677468396,0.000719573163718009,0.00424088836797975,0.00166245201936592,0.0129130811741672,0.00326401354668861,0.00315126464930949,0.000699119485050747,0.00373310677550463,0.00795703456856443,0.000258974818523148,0.00191144905235235,0.00888767193042185,0.00021029223810134,0.000170230580800038,0.00490343222833474,0.00664706068703661,0.00133414644334725,0.000114729740159563,0.000619788304103378,0.00281213894848387,0.000472726229192278,4.19510545910613e-05,0.000994699087459321,0.00298451617396403,0.00146064065964935,0.00152439377614211,0.000617116340956747,0.00123949562882519,0.000423620655703943,0.00160513827594979,0.000323619754278903,0.000497347937008618,6.61711239940325e-05,0.000945634340667458,0.000214284460858499,0.00112024177364525,0.00216970315903736,0.00145458832312146,0.00337833417880387,0.000892811180299638,0.000345065881737524,0.000177518651957788,0.000319350783040849,0.00110162969527832,0.00158571174755062,0.000956193382937782,0.000891522044829267,0.00297497475694095,0.00510953567068439,0.00059856164917686,0.000444058035241512,0.00129687713845565,0.00090835177466626,0.000516616275820095,0.00131379798710184,0.00172266216583864,0.000256225182901124,0,0.00106185286496185,0.00176587642248034,0.000229731043759956,0.000199088999877148,0.000404958183078362,0.00112636915658793,0.00320836254123084,0.00102059414489302,0.00157484693559398,0.00264121855459105,0.00196597960605407,0.00277155998673965,0.00127195193440865,0.000625990141568492,0.00108948034851767,0.000160800975581246,0.00131159465081149,0.00403215874601653,0.000850750911818111,0.00115573989125551,0.000566396196595923,0.00176307149782102,0.00178377559637144,0.00128551205367669,0.00212199796147661,0.000784694366018351,0.00208373795892729
"ENSG00000157106.17",0.0042045984120993,0.0087930193624378,0.0018125012261649,0.00520597473958623,0.00408436128243799,0.0132091405865861,0.0146262343153552,0.0088800096584048,0.00568109767721749,0.00580637101906988,0.00082738124129824,0.0148144816785133,0.00130648419663592,0.00149031702297442,0.00674214109487515,0.00211809266725616,0.0134862030663271,0.00606354452423262,0.00651666932077661,0.00161199389769803,0.00689308862412164,0.0221610575649146,0.000586562229407686,0.00382353350650612,0.0189282214157911,0.000569537941679523,0.000559250785707081,0.0137361509553872,0.0144577605164002,0.00305424331411969,0.000544505052464518,0.00143230164981385,0.00313109587970622,0.000899844934733425,2.72969460947519e-05,0.00224365957800515,0.00328063404132379,0.00253261277258048,0.000854991966494521,0.000891911967482179,0.00258316370296538,0.000946327206268005,0.00124821995668325,0.000591819890465699,0.000987330366963642,0.000188384029116131,0.00244215081960062,0.000469398788684864,0.00270509770962178,0.00413251482457956,0.0028724478362844,0.00498611746841273,0.000359927941237446,0.000873594913947299,0.000421677558313392,0.000568863723361038,0.0025742000811916,0.0052450788109654,0.00243956756904345,0.00229240163100312,0.00708004089833832,0.00710439600142493,0.00144406678251756,0.000893973678578041,0.00039790934746495,0.00155167415274331,0.00138080544457582,0.00278040309291634,0.00233725811217211,0.000601518169615644,0.00106185286496185,0,0.00153224856475267,0.000726826710034014,0.000499135725907497,0.00081193863592903,0.00314552976117928,0.00507386892272639,0.00271303659446052,0.00171444016334053,0.00351680850356865,0.00538672637574121,0.0057087629275824,0.0021919387489874,0.0020339098499722,0.00235334876492732,0.000405033112094566,0.00240920189794238,0.00574496282096016,0.000267200170897562,0.00266563970916473,0.00145834497633325,0.00484393676471638,0.00263711020247703,0.00075047096948895,0.00551590754389476,0.00309829208532197,0.00377942776646501
"ENSG00000157764.14",0.00421966737551842,0.0100952670541539,0.00138992038162114,0.00591579795355206,0.0035602579539987,0.0132729211855876,0.013551594165389,0.00575816399228703,0.00747944803800322,0.0058629395883193,0.000718794363385072,0.0112961895112516,0.00133756247528222,0.001544419712697,0.00637318956559931,0.00210466242815932,0.0168289192437856,0.00650952288540909,0.00569798665358937,0.00145446415690155,0.00789240274607152,0.016253296615194,0.00047330742752841,0.00349299832582537,0.0216332923351186,0.000453827513781711,0.000206290536866404,0.00989984454237734,0.0135399304602122,0.0028575359954538,0.000105841371718463,0.00118550215412122,0.00460614903314567,0.0011893763172253,0.000108851028567085,0.001914980138589,0.00359711676820619,0.00251914253410752,0.00138336278506348,0.00148492032976475,0.00346329294622346,0.000849603826877403,0.00210702455103397,0.000592959637593404,0.00117249323778936,9.23903117581303e-05,0.00193805886350846,0.000463354170212351,0.00264497595738903,0.00534765332748284,0.00322968873133053,0.00490832809889387,0.000702666772802079,0.000631572150699786,0.000294623743871779,0.000761206529467096,0.00361518606846737,0.00252869429496023,0.00169977151040169,0.00186921518388003,0.00661083409671732,0.00602876384227846,0.00148493172630882,0.00097284634276366,0.000732139750839488,0.00264479994528357,0.000972251700955948,0.003622057456716,0.00284186892017421,0.000489948744765969,0.00176587642248034,0.00153224856475267,0,0.000421855604265329,0.000274823407212351,0.00106980269787066,0.00185603378625964,0.0039169689799689,0.00210839703200758,0.00212216286660006,0.00367860113551234,0.00468094897652684,0.00517637704500836,0.00199810114122814,0.00104047967337744,0.00211315468858847,0.000455331548688393,0.00163675688343212,0.00426090996955544,0.000687341917097416,0.00241039447379932,0.00119813880502772,0.00406800738051579,0.00365084174729941,0.00169906767748724,0.00464139045115469,0.00111199464818101,0.00280452932299748
"ENSG00000159596.7",0.000977622488675621,0.0019801712308964,0.00045376143160166,0.00121891306484907,0.000936444817913378,0.00306679193949279,0.00340644085596157,0.00221230121128404,0.00120255432764803,0.00136921832661859,0.000180512971660858,0.00344204121211186,0.000337974653294606,0.000331912494310931,0.00155713552183198,0.000548184855943179,0.00266054071414869,0.00128338848153425,0.00162721922547195,0.000381528379418384,0.00135360646101816,0.00474099539975801,0.000149130233230456,0.000912396652075115,0.00473707102230985,0.000148555192149345,0.000162505492484306,0.00291361939803609,0.00344206471192979,0.000711551305310528,0.00014625828839943,0.000222195376341928,0.000762160443725325,0.000198702964698908,1.18948244315696e-05,0.000527870711375623,0.00073732468958987,0.000581579089267556,0.000214984742699652,0.000182129200296454,0.000899359272645061,0.000179567122256242,0.000231230236284159,0.000175504753366456,0.000225995725361933,5.93728337136912e-05,0.000449684510340018,0.000104774468312251,0.000542822705468425,0.00101268148097231,0.000573637218156167,0.000816601536475189,0.00011180474918794,0.00020518833311712,6.52708755342672e-05,0.000142797575112194,0.000750788870488449,0.00096794354812654,0.000548603457840121,0.000467810719779528,0.00154444152263614,0.00147165157412978,0.000402227042701872,0.000215834801217989,0.000141040801615468,0.000362835588538085,0.000336163738107627,0.000807912929066385,0.000375406744187561,0.000148844704958692,0.000229731043759956,0.000726826710034014,0.000421855604265329,0,0.000110688370509168,0.000233570034483619,0.000726414838537475,0.00111243478137317,0.000398592824292867,0.000469316946223604,0.000790398951497455,0.00108831573439553,0.00111821722512785,0.000511770709689708,0.000370257676658934,0.000440293587248113,0.000152726546544121,0.000509706022615344,0.00110454466522202,9.0083179119478e-05,0.000625166207169832,0.000151522317990271,0.00106407823769051,0.000557412526202144,0.000209394012894901,0.00108493271150894,0.000539995335490678,0.000828002410279857
"ENSG00000160584.16",0.000728269285586466,0.00148093284622771,0.000334359945838385,0.000869136866947915,0.000667398951250119,0.00209898392405797,0.00232497251112435,0.00125963302197529,0.000828547096813696,0.000930438697989161,0.000146810677734986,0.00191757088899061,0.000251663085227008,0.000258428761724751,0.00107419027305217,0.000377284678500951,0.00214799650699703,0.000856923322909328,0.00114051867697031,0.000254088157992091,0.00106253923426094,0.00313422429348754,0.000106033975823971,0.00064889124130553,0.00337176785176029,6.84306973142207e-05,9.09776051913611e-05,0.00193318619940662,0.00227681178303988,0.00049374681802646,9.29982469446646e-05,0.000238430785809639,0.000586634680118707,0.000182424752300959,1.8127337246312e-05,0.000394580355220535,0.000532889331366118,0.000422277080836844,0.000164559534454531,0.000178572048696009,0.000568030204203483,0.000151494503292602,0.000194332648960724,0.000140425341894458,0.000191641760108738,4.35664968257552e-05,0.000406176884810668,8.63295013313354e-05,0.000385845178752888,0.000650313548456659,0.000469960082920551,0.00072028870680422,0.000135449937762009,0.000159218047364137,8.35063747793132e-05,0.000117749333972176,0.00029250198328983,0.000745631348194164,0.000405908904202173,0.000330615511593667,0.00110313149669458,0.00102894952159641,0.000222745655371102,0.000177967741058158,9.74267455438093e-05,0.00020567713516164,0.000245555166849477,0.000491672726104295,0.000299990594264526,0.000113729275061212,0.000199088999877148,0.000499135725907497,0.000274823407212351,0.000110688370509168,0,0.000128604201173418,0.000431757269094916,0.000629885927829936,0.000357709489489547,0.000154511173547462,0.000568753094866577,0.000583728756975055,0.000994588728769164,0.000388096240828161,0.000263180333189769,0.000219867211075491,8.92165981349728e-05,0.000291237915512444,0.000986944446365525,6.62096976622513e-05,0.000489632078805101,0.000193840515091723,0.000640347801994926,0.000485599648866364,0.000181184178435203,0.000952893520150624,0.000373919071541167,0.000402075514916916
"ENSG00000162869.16",0.00148109440698377,0.00307131956671487,0.000565687011632441,0.00187270113902226,0.00138108279625222,0.0046857654837072,0.00511960937087043,0.0030770629328344,0.00236801194928595,0.00284496282910573,0.00017647118513189,0.00430595395816595,0.00040844287241029,0.000463882192227229,0.00230735586936837,0.000755284088884102,0.00480682862832415,0.00240106629449505,0.00266631747637392,0.000614563249329448,0.00253207706705124,0.00698482770171573,0.000308792229427902,0.00166864267511834,0.00676255936265544,0.000266752189676717,0.000202734595630541,0.00427978102395227,0.00519931148759673,0.00117651300324796,0.000183359674733974,0.000370108557459576,0.00108296991502068,0.00029668052910317,3.01845393646455e-05,0.000908666367218153,0.00115243511658234,0.000873980765175883,0.000328038815680358,0.000500258546194456,0.000972379925893185,0.000260436338096798,0.00056373475607344,0.000246523474785061,0.000317526183142868,5.33940818658197e-05,0.000700265597626948,0.000223290698533387,0.00108713893760216,0.00177720274861023,0.00102274611149012,0.00168369466956094,0.000205610062683954,0.000312651805915571,6.72195711060888e-05,0.000227886071304156,0.00112735897464282,0.00131752085743478,0.00089731620084071,0.00100957835862396,0.00244226121420346,0.00225119922118494,0.000701476790933654,0.000287715336222048,0.000158834529808792,0.000870856121466794,0.000449348676018247,0.00115838260274284,0.000899425903392236,0.000212615971120742,0.000404958183078362,0.00081193863592903,0.00106980269787066,0.000233570034483619,0.000128604201173418,0,0.0010263758979393,0.00138828264881924,0.000481353685692453,0.000627968578160244,0.00123855086047822,0.00179154424202,0.00156404860179357,0.000921432267687477,0.000516507350126796,0.000666149278416499,0.000239436561046894,0.000616268221880709,0.0019480199777631,0.000180360715429164,0.00109086784067384,0.000430877563463046,0.00133614574857272,0.000923970973401211,0.000382049944149402,0.00149556929521623,0.000586102273117039,0.00159018284569638
"ENSG00000164081.13",0.00414009039164122,0.00857386530378782,0.00160148362101894,0.00515454335073051,0.00381690411627263,0.0128693405066753,0.0140972466134625,0.010122274411693,0.0055824105107507,0.00679357349825815,0.000627223817908281,0.0143270773895443,0.00117498036467172,0.00133860344118981,0.00641612238433522,0.00212989269115343,0.0132743849988229,0.00569835348506929,0.0073882057990587,0.00167109157213676,0.00693842647381174,0.0196240042025539,0.000687655476822593,0.00445624644624716,0.0193242160967505,0.000627752939991742,0.00059798965842709,0.0121149224095416,0.0145454949548205,0.00320068401812863,0.000464749586882842,0.00117402907587716,0.00319311789020857,0.000739951905045365,4.15239053633999e-05,0.00253201408995651,0.00320899542052076,0.00244984801488682,0.000917556910788848,0.00123136019374452,0.00228090575405526,0.000824923795265503,0.00130464400513697,0.000759520994884068,0.000843130788693255,0.0001902694036715,0.00200092947189795,0.00055684050394251,0.0026640010830141,0.00433078353736123,0.00286174485622411,0.00406275589593484,0.000411986754874357,0.000854473761115724,0.000300384533127702,0.000609890998431585,0.00275273893257856,0.00516424036903785,0.00252565434346307,0.00244642839536734,0.00681827500532418,0.00622539072513209,0.00128205774560687,0.000784099031779569,0.000466609097263023,0.001722752348705,0.00136537480965394,0.00278311068638522,0.00210334929595295,0.000601975184991726,0.00112636915658793,0.00314552976117928,0.00185603378625964,0.000726414838537475,0.000431757269094916,0.0010263758979393,0,0.00416471574573969,0.00223033993820709,0.00153789610758616,0.00345713124023705,0.00519644673119995,0.0047069631940211,0.002436495969367,0.00161130739054704,0.00208626472005481,0.000426640819375423,0.00217816385002137,0.00559044164106026,0.000422530431217363,0.00298490346048509,0.00102585250085845,0.00471794523460262,0.00257242189767333,0.000830527222966242,0.00457757244249102,0.00231392181573489,0.00387545031443724
"ENSG00000165671.21",0.00615564667552167,0.0135860749236514,0.00253031356889845,0.00933402844624064,0.00580484360936495,0.0226596830904256,0.0209040829143235,0.0129758121345818,0.0116720635671897,0.00806974764222587,0.00126602621967878,0.0226791051627666,0.00268013769247137,0.00228041548560705,0.0111258925426342,0.00415821225591166,0.0269288727981306,0.00908409572776165,0.00947920817287816,0.00270821605955343,0.0110666506729817,0.0272019572528415,0.00112746486936385,0.00622958545751464,0.0283103751389354,0.00107036033812113,0.000960569018840082,0.0168602728157198,0.0220560358258021,0.00467347536736476,0.000755619981462327,0.0019363844993029,0.0059080118894078,0.00164595781203833,6.05314798215765e-05,0.00303352671171696,0.00640452273407414,0.00401464922772824,0.0026352980734706,0.00113025437565575,0.00371057386488958,0.00107398403927694,0.00287394887719542,0.000769840161317195,0.00180696541144126,0.000179632787407832,0.00343490934577051,0.000486993786907706,0.00356421405765172,0.00733204435247498,0.00411585476939775,0.00882730542635953,0.00146673928050115,0.000970702031216578,0.000433193189892112,0.000754265560224472,0.00483763927404441,0.00717514709851871,0.0027999694525252,0.00248552256096085,0.00999131464291092,0.0112929462591756,0.00208148148521668,0.00117964763494752,0.00199486081694975,0.00290942023489924,0.00152376224012562,0.00474440305888293,0.00347976880751256,0.000723517943279591,0.00320836254123084,0.00507386892272639,0.0039169689799689,0.00111243478137317,0.000629885927829936,0.00138828264881924,0.00416471574573969,0,0.00390167797496685,0.00386521098095328,0.00633947391933663,0.00751952164730701,0.00874465730541668,0.00331681074072986,0.00281855585692857,0.0030681330613839,0.000609593346401302,0.00358416900844544,0.0100905418644094,0.00131187440323942,0.00353922790012386,0.00161879153981952,0.00677570557244577,0.00417919642586373,0.00207887248763352,0.00777335912883296,0.00373137138662157,0.00817719395363722
"ENSG00000166747.13",0.00366995614059788,0.00796856009210183,0.00126579542980007,0.00435474031833337,0.00303401599875346,0.0101235967088937,0.011069352405473,0.00669931744744778,0.00427548633924403,0.00386660814621743,0.000611394307161385,0.0113523013656185,0.00093325228875695,0.00128725593597694,0.00507778735261471,0.00169291326863177,0.0122351534762627,0.0042136769430334,0.00481705603015545,0.00138140897878225,0.00659623602656366,0.0143543266124918,0.000491820806314065,0.00309810513901882,0.0153790587704202,0.000429399386726534,0.000391534667402602,0.00891548895211984,0.0118108719761355,0.00247755106620838,0.000259460360499328,0.00128562439584495,0.00292630911458968,0.000878999460954878,4.01169965228972e-05,0.00161375677281184,0.00261687767620654,0.0019537341848492,0.000783964791093639,0.000778708632828661,0.00168150854962704,0.000713017669187292,0.00115106600395499,0.000523059007473688,0.000920403007133061,0.000102753445673745,0.00194986660536007,0.000320295661601862,0.00186066426862379,0.00383377091737319,0.00262666180172795,0.00370263636668725,0.000346790510961892,0.000519654434348428,0.00038640675479128,0.000466749730844935,0.00190495564609916,0.00459761179151129,0.00144565122667967,0.001193409253852,0.00551490825595628,0.00456819822538483,0.00060481485412994,0.000701545266953183,0.00025644072210363,0.00141214540481563,0.000737683490062191,0.00202576925613724,0.00168263381383196,0.000409522627617627,0.00102059414489302,0.00271303659446052,0.00210839703200758,0.000398592824292867,0.000357709489489547,0.000481353685692453,0.00223033993820709,0.00390167797496685,0,0.000782893583396707,0.00275301468977699,0.00397885822293611,0.00441853445543481,0.00151443158679619,0.00146292314032771,0.00167690207902736,7.26591375868316e-05,0.00154132863098795,0.00429295803679982,0.00029848807907158,0.00215353497314984,0.00105143309523494,0.00430126996214441,0.00241759300548966,0.000713887505398954,0.00422355153430244,0.00201598223031593,0.00246515186902798
"ENSG00000169246.16",0.0020412297753169,0.00519293393685729,0.000901648559647678,0.0039292656212648,0.00212184527796974,0.00954058822162075,0.00802516804179191,0.00440174906382697,0.00608706181103985,0.00344995379847327,0.00055640265012822,0.00894255985027071,0.00129370026737658,0.000769836983614196,0.00479935360315102,0.0017371079365425,0.0118554070345097,0.00439697825155313,0.0033885698102817,0.000784643694617584,0.00362156816905853,0.0114457314931447,0.000228751124644829,0.00199679602900708,0.0116693519929883,0.000326699263527622,0.00021575062456318,0.00701650852553917,0.007689843199727,0.0015582055354345,0.000193803598625162,0.000479204936076361,0.00297433440025685,0.000432374578825162,1.01065742444202e-05,0.00111829900495614,0.00303751628102683,0.00167898486687449,0.00151089148203249,0.000603325538172737,0.00203541088505711,0.000470129853042214,0.00148710630331735,0.000255793824574935,0.000474879185838912,7.66007414056672e-05,0.000992517808696656,0.000250314911878913,0.00161242967482955,0.00238892603472451,0.00141150599580319,0.00371788362861661,0.000670758067986035,0.000432558754985717,8.51610546997364e-05,0.000363883022175061,0.00246951581980046,0.00152239745597652,0.00120601975820924,0.0013592754075609,0.00376057800304222,0.00567325792681889,0.00113854315323643,0.000494262291085288,0.00124087390738009,0.00120403267627038,0.000798046612148824,0.0020899349565094,0.00193885756090673,0.000300942440830472,0.00157484693559398,0.00171444016334053,0.00212216286660006,0.000469316946223604,0.000154511173547462,0.000627968578160244,0.00153789610758616,0.00386521098095328,0.000782893583396707,0,0.00286620679163084,0.00339192383284073,0.0031282339981933,0.00143493391362084,0.000909224346639161,0.00173996690341552,0.000395129301437066,0.00181573945599552,0.00354064862829556,0.000721427625220338,0.00114424502130512,0.000587045362762903,0.00244923380819859,0.00190304505223868,0.0013883981024349,0.00262994306738182,0.00124691591784605,0.00299821560721842
"ENSG00000171634.18",0.0053947627710133,0.0120763715434175,0.00216119179809885,0.00768154742143314,0.00487276164543563,0.0186096154622794,0.0178257873416768,0.0101642286637022,0.00985686440863614,0.00786702005848024,0.00104442585457305,0.0170583868635496,0.00210213128699465,0.00185598580937462,0.00913555106928996,0.00316412701699011,0.0225058626151826,0.00803431175376659,0.00851662372825229,0.00201457025821728,0.00915851328745262,0.024089160333969,0.000820805583456428,0.00516720438287796,0.0248486162682221,0.000700121733288942,0.000617879008304246,0.0148267530268903,0.01792121438494,0.0038615043884321,0.000540479451461426,0.00159517055957681,0.00553695629274796,0.00117497678318367,9.48415615401091e-05,0.00288287813073516,0.00526258197212206,0.00341204121087881,0.00220086858192119,0.00151162498075183,0.00374235949960231,0.00108984244463624,0.00256939310697957,0.000908450758732567,0.00123861060509989,0.000223552925750255,0.00271786127205574,0.00067499951913204,0.00334589232192899,0.00565361115660716,0.00373514408481872,0.00692007151230177,0.00116869402425692,0.00106181892852907,0.000451227213244481,0.000844500067906587,0.00339118049147402,0.00526621577627861,0.00286237340923229,0.00279567386643835,0.00856165300563543,0.00963239219406077,0.00188587457408625,0.0011864435704296,0.00157695522385233,0.00237604284116754,0.00159909299378058,0.00378069643314835,0.00344361007626839,0.000763550272917097,0.00264121855459105,0.00351680850356865,0.00367860113551234,0.000790398951497455,0.000568753094866577,0.00123855086047822,0.00345713124023705,0.00633947391933663,0.00275301468977699,0.00286620679163084,0,0.00599437723538942,0.00684508337755341,0.0030581159311485,0.00201339019866987,0.00270681028275979,0.000607052398336225,0.00289252383046994,0.0079477007645004,0.00110546802322716,0.00354212654023172,0.00152152658777951,0.00545247287958608,0.00389797820386236,0.00215238058485086,0.00613388060190908,0.00259674897477311,0.00490580547898516
"ENSG00000173575.22",0.00694027772880123,0.0151042560403431,0.00266704605746671,0.00916101434417204,0.00653091426050763,0.0223682618431075,0.0245203428333904,0.0152085885022978,0.0115214708389896,0.0116970552771967,0.00104562715004107,0.0250085950064492,0.00186077646972249,0.0023827034213239,0.011145936654262,0.00348544773052182,0.0237050822905094,0.0116106958480586,0.0110150838918602,0.00290646389430457,0.0128347004433106,0.0335163273901619,0.00120371695426617,0.00693616419465136,0.0339650572024402,0.001195713856761,0.000911835644442685,0.0206577649946887,0.0251045585822726,0.0055025389697486,0.000592732679706688,0.00205012208043098,0.00566612313110577,0.0012526471786694,3.94227797895491e-05,0.0038285491067076,0.0056194117924234,0.00422294338994891,0.00163040018002823,0.00216285178907597,0.00391398597632428,0.00141484999558049,0.00276136511579124,0.00100371809319272,0.00138378079460619,0.000220997796264651,0.00356802677892509,0.000940823733795395,0.00518354619656289,0.00747643890075078,0.00506728836306483,0.0085659568293947,0.000440970162984572,0.0013062338821617,0.000422424532948379,0.00108079760479582,0.00601765828285974,0.00741007145003212,0.00361739602319389,0.00415677635346443,0.0120160120034705,0.0108225693239576,0.00275239527076159,0.00145148251209329,0.000594282498470188,0.00368520825125297,0.00205472903218108,0.00492611133597985,0.00443046468432738,0.000941807032410567,0.00196597960605407,0.00538672637574121,0.00468094897652684,0.00108831573439553,0.000583728756975055,0.00179154424202,0.00519644673119995,0.00751952164730701,0.00397885822293611,0.00339192383284073,0.00599437723538942,0,0.00840223794251401,0.00370127337693046,0.0035274278506234,0.00434320943469033,0.000790598066562201,0.00371461370511862,0.00831338002794315,0.000753109726265788,0.00435203277187407,0.002250247729948,0.00823742699154294,0.00478428928032482,0.00188121518893255,0.00810714263009806,0.00393720743141761,0.00688162766667769
"ENSG00000180879.14",0.00775622055025672,0.0169962104953792,0.00325455293016014,0.0106586012917786,0.00732811477447497,0.0251278857128487,0.026607366974963,0.0140290110028284,0.0118398178260786,0.0109814261620701,0.00158962136531839,0.0237132873070415,0.00281710284706192,0.00293961905470877,0.0125792920307472,0.00424103118460487,0.027518603277609,0.0111738729536937,0.0122067091303674,0.00290376307188598,0.0131213475767087,0.0341907844435648,0.00107666462801129,0.00709614150492108,0.0410367234681035,0.000837790873495316,0.000879767045755802,0.0210808505957266,0.0261798294040097,0.00565406944498854,0.000693735733722755,0.00271609079213476,0.0074343049916721,0.00222871166082701,0.000156934676167992,0.00416222802054059,0.00657551344301432,0.00485972903203606,0.00227851416358353,0.0023238907107605,0.00547853976850447,0.00166331474709679,0.00294642374024118,0.0011947836784423,0.00235002380780572,0.000364810932998065,0.00460018384585699,0.000838536653690841,0.00478753318448633,0.00794993993674364,0.00549841541010435,0.00990856631761222,0.00148376815362028,0.00148292980799052,0.000777678401887006,0.00130856410465609,0.00524291079738226,0.00802396258348815,0.00402219589271188,0.00369528578324733,0.0127495424856093,0.0120067346933216,0.00241633965743264,0.00182736005031219,0.00128671153226952,0.00317013998706934,0.00254018026257023,0.00612133520471491,0.00412751884467102,0.0010679964281739,0.00277155998673965,0.0057087629275824,0.00517637704500836,0.00111821722512785,0.000994588728769164,0.00156404860179357,0.0047069631940211,0.00874465730541668,0.00441853445543481,0.0031282339981933,0.00684508337755341,0.00840223794251401,0,0.00415002047926619,0.00312227346491825,0.00324078485522379,0.00093250324210727,0.00359190333741511,0.011122209945819,0.000965273938216223,0.00474577211518063,0.00244744370484069,0.007541152341072,0.00611456783228398,0.00237250362196697,0.0114544490886782,0.00421441033610712,0.00629894226943407
"ENSG00000184840.12",0.00348312833160023,0.00740223132460754,0.00137958587238752,0.00453652474511161,0.0031686905708447,0.0112168885162278,0.0115900734289586,0.00708118327640814,0.00536475879577526,0.00579193483875953,0.000583673263264973,0.0102618482900002,0.00115505217779362,0.00113298893020057,0.00552018625187926,0.00185509021419953,0.0124210589758323,0.00503523924152473,0.00607963301472783,0.00129963249433615,0.0057278722966612,0.0160564805308411,0.000576400081664637,0.00362657414672569,0.0159203773588237,0.000457148635988622,0.000423968168728934,0.00987353448996068,0.0115832616394626,0.0025707741606758,0.000397006116496417,0.0010054560463065,0.00295044289017169,0.000710280941865937,7.10163953199184e-05,0.00208992405377795,0.00294242771525298,0.00213410026484979,0.00101364223082876,0.00111776240042144,0.00225383196623126,0.000699150746401319,0.00135303954540123,0.000644862209253201,0.000756391313389487,0.000165445076190519,0.00173032244024429,0.000501364775476931,0.00226296067273529,0.00360657212306961,0.00239864760762503,0.00391048813913844,0.000684295061861104,0.000758983756977485,0.000281329864125783,0.00055330598439495,0.00196993483836298,0.00358819482478027,0.00213246256498092,0.00212599358674505,0.00556037482915147,0.0056068441559563,0.00124269091357527,0.0007264936806931,0.000649039535876264,0.0015141055584113,0.00114483461734875,0.0024012099416687,0.0020551238608678,0.000523630445892249,0.00127195193440865,0.0021919387489874,0.00199810114122814,0.000511770709689708,0.000388096240828161,0.000921432267687477,0.002436495969367,0.00331681074072986,0.00151443158679619,0.00143493391362084,0.0030581159311485,0.00370127337693046,0.00415002047926619,0,0.0011667354180297,0.001546561753349,0.000440630420336718,0.00163082176692925,0.00508275432321141,0.000521751724045863,0.00255311749506876,0.000996451436270595,0.00328953487099114,0.00237309654302321,0.00104310436148075,0.00388251578994499,0.00161137454075134,0.00310198871862978
"ENSG00000185864.16",0.00243220935803736,0.00500681534053075,0.00105164179324942,0.00305697889960344,0.00226979704683101,0.0075535683919467,0.00826551407297613,0.00490981942134371,0.0038267635750833,0.0037581774142489,0.00035120073218094,0.00841812449214022,0.000653304339696697,0.00082408946254228,0.00379023127149854,0.00122761812255007,0.00739546189657377,0.00389534373078874,0.00349963029407228,0.00107104544354809,0.00418818076311861,0.0108866710958622,0.000541816771966791,0.00233101898682572,0.0108941773641391,0.000464354055610201,0.000423990590193288,0.00673334041711854,0.00864355199748637,0.00192221211860626,0.000294851596634269,0.000763617047585807,0.00173411401588927,0.000411572358731681,1.04598859253322e-05,0.00121545662524769,0.00189462185694667,0.00142525545290249,0.000547355329137385,0.000555517756520988,0.00123098430156785,0.000420667891293643,0.000868721366258046,0.000336822946718783,0.000459051484612974,8.98273511383953e-05,0.00139390524706391,0.000318203620617211,0.00173041997813822,0.00214826618689287,0.00158552974640533,0.00330290214481706,0.000178769159129533,0.000448019303241987,0.000167811802631504,0.000337047764545231,0.00178349328331212,0.00274633117676177,0.00106131265531841,0.0012347709315667,0.00400741493661196,0.0034993471868731,0.000986568053331519,0.000530241741680654,0.0002071476147489,0.00104492100446566,0.000639586780090865,0.00143998154957503,0.00129820274987293,0.000331607814047664,0.000625990141568492,0.0020339098499722,0.00104047967337744,0.000370257676658934,0.000263180333189769,0.000516507350126796,0.00161130739054704,0.00281855585692857,0.00146292314032771,0.000909224346639161,0.00201339019866987,0.0035274278506234,0.00312227346491825,0.0011667354180297,0,0.00133637498480118,0.000292609073967984,0.00116867501190208,0.00309035605001392,0.000298104577156326,0.00142355108836166,0.000811548049177652,0.00272518902057062,0.00141740508418795,0.000678871799245835,0.00302018314115901,0.00150135003818392,0.00246384061365711
"ENSG00000187742.15",0.00319643878157702,0.00715660887257988,0.0011100605134344,0.00377551293439891,0.00267903478688153,0.00974834885678121,0.010001809173109,0.00575596838037014,0.00523801202310026,0.00456654829866237,0.000478227557741514,0.0104689653888127,0.000904927433510688,0.00090123541804758,0.00480603038991497,0.00140089491786952,0.0105096190433988,0.00495796234774604,0.00421082370068547,0.00100505751767447,0.00470078600486883,0.0152736950810674,0.000371826192437793,0.00258436827349312,0.0128735382024332,0.000411499989835135,0.000298522648635589,0.00937566361040246,0.00980570405741871,0.00205661530591804,0.000317604982862805,0.000738137046576591,0.00286251997109797,0.000337051357664905,1.08162673112405e-05,0.00149035084753467,0.00260088334876443,0.00183106557537137,0.00088645709820308,0.000749826133051261,0.00213547244555614,0.000610921443823852,0.00127385200147631,0.000460599161315833,0.000333101710101123,0.000122765570950477,0.00137173332070018,0.000474060594517307,0.0021575088297178,0.00259022053296282,0.0019350089683951,0.00373773832492511,0.000178726174901526,0.000632031058443258,0.000220766759384242,0.000444377124902716,0.00218255445398342,0.00323943154797315,0.00160873684645893,0.00187781448010013,0.00489014630303915,0.00552674021639457,0.00115533192419734,0.000619069705656245,0.000586804306244493,0.0012852066071651,0.000921864969039703,0.00182704565962021,0.00213009221754719,0.000441625407368889,0.00108948034851767,0.00235334876492732,0.00211315468858847,0.000440293587248113,0.000219867211075491,0.000666149278416499,0.00208626472005481,0.0030681330613839,0.00167690207902736,0.00173996690341552,0.00270681028275979,0.00434320943469033,0.00324078485522379,0.001546561753349,0.00133637498480118,0,0.000337260642002694,0.00186147300649207,0.00336046733598514,0.000471703676602248,0.00205881910690088,0.00094008363106911,0.00385877420267139,0.0018375443866827,0.00101988515908666,0.00297304205268293,0.00173371705143996,0.00244736303060035
"ENSG00000207233.1",0.000769524113771688,0.00154338556011116,0.000354410403946353,0.000900306243889662,0.000720959613372514,0.00229329588000625,0.00255138529303532,0.0012622371305302,0.00116231714442721,0.00134105265607269,0.000112503578449912,0.00195154498264088,0.000266041033362602,0.000221157830432105,0.00116538371701511,0.000391469785376123,0.00171305150035527,0.00121231968448407,0.00121448990906619,0.000257688879379135,0.000836626391005407,0.00348225212104089,0.000137703393776925,0.000684171633029808,0.00374404110509382,0.000109900011999597,0.000109478697745949,0.00211530000605581,0.00236407122270033,0.000533022816719198,0.000128680274384044,0.000133986944667523,0.000638189921884405,0.000130941288125294,1.75497455426052e-05,0.000428789302041495,0.000558870263219227,0.000451983622102269,0.000169539299381954,0.000200398026360922,0.000812920929055491,0.000117007668254082,0.000214319046821815,0.000137859224549081,0.000134062644347967,4.93946858854403e-05,0.000354680279381437,0.000125242801230135,0.000530785024864931,0.000598439201227496,0.000372672318314835,0.000837678666962017,0.000105985544773471,0.000190403072203664,3.48369795119414e-05,0.000132151693211038,0.000600021663668828,0.000505775206989774,0.000450259321126651,0.000500363003602464,0.00116718025421843,0.00116885367296319,0.000429279754824135,0.000182259430469341,0.000124020467493759,0.000298844147977663,0.000302931909036399,0.000663722545071865,0.000348493433086683,0.000129275100859493,0.000160800975581246,0.000405033112094566,0.000455331548688393,0.000152726546544121,8.92165981349728e-05,0.000239436561046894,0.000426640819375423,0.000609593346401302,7.26591375868316e-05,0.000395129301437066,0.000607052398336225,0.000790598066562201,0.00093250324210727,0.000440630420336718,0.000292609073967984,0.000337260642002694,0,0.000307830858829506,0.000872826963058556,9.71033595373038e-05,0.000532061725249631,0.000161250336475707,0.000609154192412702,0.0004217065818493,0.000268649623704891,0.000898125306392883,0.000298649376415524,0.000625900462564502
"ENSG00000215421.9",0.00280591424025581,0.00634433082849794,0.00119822607515335,0.00403698162158783,0.00268427588815707,0.0101149595499677,0.00975232636432234,0.00607099141166015,0.00513914437031686,0.00409604864700286,0.000602781651030844,0.0104858270432142,0.00106608472433597,0.000986051007279933,0.00484748553328073,0.00157977161701814,0.0117371271973384,0.00430245247421428,0.00449561952160617,0.00103077164387343,0.00477545620783777,0.0147059490230553,0.000338665099980789,0.00270099709427507,0.0131586609369975,0.000363575184074181,0.000315136985666129,0.00907647885439907,0.00954203509984297,0.00201953818018205,0.000299928892805254,0.000825711159485432,0.00280394293076075,0.000514186395760929,2.25651268752624e-05,0.00156189604651928,0.00276843450055765,0.00184710093025496,0.00110229121813373,0.000739187102789373,0.00205031058139708,0.000661155933458493,0.00131398937004795,0.000464829230858999,0.00056604306986923,0.000125923585433927,0.00140232199502326,0.000358347568397546,0.00185524594274593,0.0028737399001894,0.0019802414402105,0.00350106330642704,0.000462496566496166,0.00061063491861114,0.000243944271348357,0.000438549290367231,0.00194617198258953,0.00299452544092132,0.00170327271529529,0.00165532729876797,0.0047417853910523,0.00547532923293621,0.00105744293579525,0.00063288863030566,0.000752321414332199,0.00116125968261783,0.000978335665684999,0.00198494059708483,0.0019569766758212,0.000427501100915857,0.00131159465081149,0.00240920189794238,0.00163675688343212,0.000509706022615344,0.000291237915512444,0.000616268221880709,0.00217816385002137,0.00358416900844544,0.00154132863098795,0.00181573945599552,0.00289252383046994,0.00371461370511862,0.00359190333741511,0.00163082176692925,0.00116867501190208,0.00186147300649207,0.000307830858829506,0,0.00404222755401516,0.000509167982359992,0.00183017242247321,0.000837981267512771,0.00329178210107919,0.00203392027186073,0.000984520535007833,0.00322496104307972,0.00177747354815993,0.00262412086899187
"ENSG00000230590.11",0.00811812654014708,0.0174529814514618,0.00314288657471979,0.0114199980993246,0.00732992582129177,0.0283174402223699,0.0268800306737251,0.0167900007175205,0.0145386448997517,0.0130047186227961,0.00140598963030255,0.0248755682081901,0.00315421722305499,0.00267201210300195,0.0139017472037332,0.00492021120946588,0.0334078522380543,0.0116959973007288,0.0143010407043874,0.00319275299242314,0.0137455890561436,0.0355960268259491,0.00150216008377043,0.00878983978627836,0.0364518403265603,0.00111596306298998,0.0011480875960876,0.0219847724955806,0.0276827011629204,0.00609783322127177,0.000993804601587279,0.00263936805879862,0.00767060856261949,0.00188158952359575,0.00015443321650108,0.00475310846379537,0.00802486044214491,0.00505833195566105,0.0031457977304856,0.00236871094972489,0.00406955548075146,0.00149589704935192,0.0035661941259913,0.00136138779504225,0.0020218343862084,0.000371259296346652,0.00449434389044994,0.00103755019892487,0.00503372069276978,0.00819180136761797,0.00546200597459048,0.0111247586499624,0.00198430710347292,0.00162031646183736,0.000712007690445265,0.00114989953444327,0.00419573053507871,0.00983901265949465,0.00464551368669425,0.00447060117510188,0.0127818834122245,0.0144646213804925,0.00239327150939847,0.00154090034479605,0.002128704398786,0.0032387413123117,0.00245684445988361,0.00526000436333133,0.00468739712153832,0.00111802893335956,0.00403215874601653,0.00574496282096016,0.00426090996955544,0.00110454466522202,0.000986944446365525,0.0019480199777631,0.00559044164106026,0.0100905418644094,0.00429295803679982,0.00354064862829556,0.0079477007645004,0.00831338002794315,0.011122209945819,0.00508275432321141,0.00309035605001392,0.00336046733598514,0.000872826963058556,0.00404222755401516,0,0.00159966266485531,0.00580408190547556,0.0024709677156911,0.00757935641279273,0.00542223661611443,0.0027395052040959,0.010113202988602,0.00422383685139057,0.00907233282697167
"ENSG00000237550.5",0.000752026980926674,0.00184194055631136,0.000252572645379222,0.00134768178237854,0.000563855944428154,0.00330077463345919,0.00212445728619696,0.00140459207539157,0.00209824696624385,0.00117166271082996,0.000152335246389612,0.00241786934380757,0.000484346845112057,0.000209169860390514,0.00151676689681762,0.000615011120431838,0.00453609929539265,0.00122163961926429,0.0011829126854761,0.000288136839505346,0.00117646382175021,0.00220780662669493,0.000170237144908083,0.000796675866054894,0.00306298367955331,0.000124559603314518,0.000118991689644375,0.00134591926474493,0.00233583260464511,0.000531755317744425,8.26507968921179e-05,0.000151585686037055,0.00115192486233674,0.000105009522482249,1.27709949343573e-05,0.000375048504180421,0.00114677378216059,0.000533868836735881,0.000673520368675153,0.000198251355218243,0.000382574924974682,7.23174007341953e-05,0.000607212874792793,0.000136559931939934,0.000109336957426178,2.99420709793605e-05,0.000309356300156284,0.000109472172160809,0.000428571682411075,0.000595075247118474,0.000395233792897844,0.00143664998071026,0.000381577679519079,0.000122121622016579,3.02963339042798e-05,0.000101950329719389,0.000463487617774003,0.000772636992487551,0.000288744404399765,0.000331549414044116,0.000999010544874033,0.00164672329883303,0.000214385519056443,0.00012509141643102,0.000663906593873068,0.000288397160668564,0.000165982463910995,0.000420636727010692,0.00055264426243422,9.36152536824147e-05,0.000850750911818111,0.000267200170897562,0.000687341917097416,9.0083179119478e-05,6.62096976622513e-05,0.000180360715429164,0.000422530431217363,0.00131187440323942,0.00029848807907158,0.000721427625220338,0.00110546802322716,0.000753109726265788,0.000965273938216223,0.000521751724045863,0.000298104577156326,0.000471703676602248,9.71033595373038e-05,0.000509167982359992,0.00159966266485531,0,0.000511359570973524,0.000115655427258653,0.000699059995394718,0.000511956768503078,0.000664360234701516,0.000684257220498787,0.000198668504176412,0.00118050411518176
"ENSG00000239183.1",0.00489684945799417,0.0100358803181528,0.00173559714238543,0.0051874585333064,0.0039582189262938,0.0130219256777217,0.0142866277925868,0.00871097756299994,0.0057248488571249,0.00698756305081972,0.000611293007638857,0.0122529040324189,0.00126808616679324,0.00134119150694307,0.00649731739088655,0.00214572438698687,0.0132326813267501,0.00586092172229053,0.00739773434226363,0.00160917785526932,0.00672472722844029,0.0198362860373388,0.000764315403755463,0.00448066764057834,0.0188568593443498,0.000579036928034719,0.000567628614133291,0.0121704019543292,0.01447857750231,0.00318141963771896,0.000614243682757919,0.00118928048815831,0.00365167424581287,0.000792440138930832,9.35640012637611e-05,0.00255473190256847,0.00327241586158339,0.00252488483372005,0.00097625648047636,0.00119927970488965,0.00310180997901743,0.000793489316495378,0.00135477827109236,0.000898246737126107,0.000800536505977364,0.000231963417078757,0.00214859025983963,0.000695129077282668,0.00272430905923404,0.00423878994545113,0.00285245389530656,0.00433329409102502,0.000549131988730337,0.000984782112098705,0.000387817464770407,0.000664610641233706,0.00212183226281272,0.00520823985699518,0.00260322849527358,0.00255497689976417,0.00685759638344057,0.00638518987827318,0.00141953958067842,0.000892619200916115,0.000552157819311527,0.00168360891362967,0.00136304084322135,0.00277513624980506,0.00215947084770078,0.000688961003944506,0.00115573989125551,0.00266563970916473,0.00241039447379932,0.000625166207169832,0.000489632078805101,0.00109086784067384,0.00298490346048509,0.00353922790012386,0.00215353497314984,0.00114424502130512,0.00354212654023172,0.00435203277187407,0.00474577211518063,0.00255311749506876,0.00142355108836166,0.00205881910690088,0.000532061725249631,0.00183017242247321,0.00580408190547556,0.000511359570973524,0,0.00112031290890894,0.00465993691924974,0.00254328101721502,0.00112947251183346,0.00456259875729114,0.00197887526026453,0.00324330372968613
"ENSG00000239665.8",0.00170083733788283,0.00381108822101118,0.000710577566637498,0.00230934392109031,0.00169937136788077,0.005726972517088,0.00637622675740681,0.00283601251316988,0.00295329427043771,0.00296876918228478,0.000344099959038065,0.00514301951633782,0.000494281325468391,0.000668473008748029,0.00289969901651576,0.000818881828511952,0.00698178695107402,0.00313578645121499,0.00279878725220183,0.000650876197116476,0.00354274671722195,0.00966923574667509,0.000256750981621401,0.00164345753407685,0.00800237586048519,0.000209404099201534,0.000141525963388437,0.00597300472970093,0.00619351561833773,0.00131649650425066,0.000137354037789165,0.000723674433681665,0.00131268864930497,0.000443443290881617,3.38341998792015e-05,0.000968725691722981,0.00142879267660774,0.00108057307489467,0.000388061152584802,0.000636341387085119,0.000927467905289645,0.000471177044208504,0.000809848267731707,0.000221966950940751,0.000454561301866016,5.91960674978535e-05,0.00110941477703649,0.000243699917630635,0.00137938424919957,0.00200236266608312,0.00148557559372284,0.00259246552180612,0.000236789046083626,0.000378981706470249,0.000203688240659306,0.000290899674458466,0.000912743400675003,0.00157466648634827,0.00105385779178951,0.00118562836324292,0.00309831882898212,0.00313739931943008,0.000750622174734165,0.000431449932626957,9.85518370229887e-05,0.000974393364621588,0.000526800847397898,0.00111541696033765,0.00148012402919871,0.000251163908381602,0.000566396196595923,0.00145834497633325,0.00119813880502772,0.000151522317990271,0.000193840515091723,0.000430877563463046,0.00102585250085845,0.00161879153981952,0.00105143309523494,0.000587045362762903,0.00152152658777951,0.002250247729948,0.00244744370484069,0.000996451436270595,0.000811548049177652,0.00094008363106911,0.000161250336475707,0.000837981267512771,0.0024709677156911,0.000115655427258653,0.00112031290890894,0,0.00158514003389067,0.00142424114823564,0.000454047341437092,0.00231436555530501,0.00106334323571195,0.00134567176896332
"ENSG00000242588.6",0.00734087411014613,0.0155645335386446,0.00261264532240049,0.00823197739273307,0.0060478149654958,0.0200072005347147,0.021941601348305,0.0138205759007666,0.00894398291532677,0.00904020067018441,0.00105941119534941,0.0223434545012298,0.00190403694976951,0.0022242170263085,0.0100362618149448,0.00331671035038277,0.0208257705065236,0.00897742756396128,0.00992754605128681,0.00256461639074373,0.0109900848055066,0.029837334511105,0.000999865944357538,0.00617365371268939,0.0303765223821755,0.000940765487551038,0.000843058591622304,0.0183749016497465,0.0226084866156749,0.00482354544362286,0.000733913214759722,0.00186052603776789,0.00587924662753623,0.00123105688177214,6.89357688612167e-05,0.00342598321375402,0.00509283357642108,0.00388840406549194,0.00153325044983453,0.00152882058865001,0.00466301063262324,0.00126210364276534,0.00209221598263828,0.00118218885913655,0.00128716051185981,0.00027855538511572,0.00326693572227281,0.000860536095722197,0.00402320835309712,0.00669116561414412,0.00448388701080529,0.00658455900700074,0.00047000464041234,0.0012661898803467,0.000557891573813325,0.00097780518608557,0.004516308249968,0.00816467017701948,0.00331355413014159,0.00317175665943393,0.0107429908100891,0.00959049319200127,0.00195190006536403,0.00138306987476816,0.000725604101702737,0.00267491834937035,0.00187208324773016,0.00440764479116292,0.00324390008486465,0.000944520032655084,0.00176307149782102,0.00484393676471638,0.00406800738051579,0.00106407823769051,0.000640347801994926,0.00133614574857272,0.00471794523460262,0.00677570557244577,0.00430126996214441,0.00244923380819859,0.00545247287958608,0.00823742699154294,0.007541152341072,0.00328953487099114,0.00272518902057062,0.00385877420267139,0.000609154192412702,0.00329178210107919,0.00757935641279273,0.000699059995394718,0.00465993691924974,0.00158514003389067,0,0.00413437348035858,0.00168228231391115,0.00727658469983096,0.00359864695326866,0.00501284193427828
"ENSG00000252464.1",0.0041678852396471,0.00965060305023968,0.00177477993458849,0.00621483118529754,0.00403030314601784,0.0141692253312338,0.0149124255226909,0.00748046009027335,0.00712542696872037,0.00604142665953882,0.000979981117609306,0.013019916240182,0.00157858934720161,0.00175494190077662,0.00717077436633847,0.00244925076326293,0.0179152929478416,0.00642157154407717,0.0068252139032157,0.00157972996833353,0.00845086620498335,0.0194126908605403,0.00047369995435724,0.00388752030939006,0.0231876645947159,0.000405222114737902,0.000313442930206183,0.0119519396959508,0.0146756685940311,0.00311347250070285,0.000184773526454656,0.0015390682093745,0.0043436064085291,0.00126996288001465,0.000104104486078927,0.00233449830134228,0.00380170582263697,0.00276204322284267,0.00139647063784978,0.00157542403203998,0.00329933803541021,0.00109738247827258,0.00196228475175753,0.000720427484436609,0.00133013170697151,0.000162777911019184,0.0023389844836443,0.000468628823630168,0.00270961712417986,0.00522612518350335,0.00355293316182157,0.00495422042518986,0.000929270775991986,0.000816253493108722,0.000447055807924191,0.000822908991828774,0.00297717945004967,0.00338366510544772,0.00229007338296708,0.00210905083604596,0.00725980570997163,0.00695209989222683,0.00144455669030002,0.00112768333188522,0.00067054412481589,0.00220639092403092,0.00135278248925551,0.00350932723603923,0.00288108646491724,0.00060452273882403,0.00178377559637144,0.00263711020247703,0.00365084174729941,0.000557412526202144,0.000485599648866364,0.000923970973401211,0.00257242189767333,0.00417919642586373,0.00241759300548966,0.00190304505223868,0.00389797820386236,0.00478428928032482,0.00611456783228398,0.00237309654302321,0.00141740508418795,0.0018375443866827,0.0004217065818493,0.00203392027186073,0.00542223661611443,0.000511956768503078,0.00254328101721502,0.00142424114823564,0.00413437348035858,0,0.00147592149300357,0.00567575245844003,0.00194405915556152,0.00265232552403268
"ENSG00000253729.8",0.00183356969633492,0.00445993792167334,0.000712478193061931,0.00294779768121388,0.00151114295470021,0.00687330572671784,0.00563452677526981,0.00254293405667421,0.00429763306399794,0.00258379108159695,0.00037017985753151,0.00519850494914356,0.000937996470991595,0.000592050966538427,0.00327386968921243,0.0012131126790903,0.00886900191080187,0.00301916905464813,0.00251894650742255,0.000582643162684611,0.00286513170179813,0.00681460052901488,0.00025897974932011,0.00154366643777169,0.0086798983381644,0.000191498294295488,0.000165622461572532,0.00414477567983063,0.00572229511347677,0.00118974655312821,0.000138085431755408,0.000449955960377628,0.00253446720597065,0.000340440565393025,4.1646901935041e-05,0.000855743836922578,0.00209936043214149,0.00120051228392672,0.00113589798000348,0.000558028859342233,0.00154845646017915,0.000325704710031055,0.00116108152645043,0.00032648758841737,0.000330017238984806,8.55739366779161e-05,0.000833371868535493,0.000268561129100931,0.00113370493894257,0.00150305534645138,0.00113855812339599,0.00278058160622084,0.000604291293086043,0.000353314520194408,0.000139663811897667,0.000330408334581767,0.0011918206771406,0.0012469920887885,0.000781859279266672,0.000872191825693761,0.00266573085569688,0.00369920087932533,0.000679606271475255,0.000450842800463872,0.000945172580320818,0.000746896635072265,0.000524650980178051,0.0012543076811566,0.00128938751723759,0.000264889818766809,0.00128551205367669,0.00075047096948895,0.00169906767748724,0.000209394012894901,0.000181184178435203,0.000382049944149402,0.000830527222966242,0.00207887248763352,0.000713887505398954,0.0013883981024349,0.00215238058485086,0.00188121518893255,0.00237250362196697,0.00104310436148075,0.000678871799245835,0.00101988515908666,0.000268649623704891,0.000984520535007833,0.0027395052040959,0.000664360234701516,0.00112947251183346,0.000454047341437092,0.00168228231391115,0.00147592149300357,0,0.00199498288653751,0.000561709689233372,0.00141145656929102
"ENSG00000264343.6",0.00740909881986763,0.0159323807420156,0.00310308056076335,0.00976778916390474,0.00700989529943066,0.0229518456869495,0.0254348932500777,0.0136207077814565,0.010380066219846,0.0105657686942047,0.00146184579440567,0.02238435814326,0.00249335405829678,0.00278634630575221,0.011670282335764,0.00391395644933124,0.0240435898281883,0.0105022144753094,0.0116946115087107,0.00278444607222461,0.0123942452701599,0.0327178874115406,0.00103965680151725,0.00671816266087636,0.0392571686411783,0.000811912963777854,0.000860734123692364,0.020174684839325,0.0250652011956684,0.00542356542612731,0.000676485710997562,0.0025801886570773,0.00665147208788153,0.00210037966883464,0.000145325795620803,0.00400369083070809,0.00579146261004252,0.00451117065714133,0.00174742198220236,0.00221444127253039,0.00518872556652741,0.0015782908871132,0.00242792477132637,0.00114834750188107,0.00222059550657934,0.000353332823883629,0.00439093763292399,0.000809822006795602,0.00458909145394613,0.0075138151804734,0.00521856137105647,0.00890388357958513,0.00118077460355014,0.00142381435754891,0.000735836647083927,0.00124574403136261,0.00503710859181506,0.00781111518498023,0.00386592334538992,0.00356034254007204,0.0121960739434126,0.0108286284092826,0.00229514936306417,0.001733080738622,0.000829252073935366,0.00298718919733668,0.00244942950677197,0.00582920749105509,0.00365233258348431,0.00102420707670481,0.00212199796147661,0.00551590754389476,0.00464139045115469,0.00108493271150894,0.000952893520150624,0.00149556929521623,0.00457757244249102,0.00777335912883296,0.00422355153430244,0.00262994306738182,0.00613388060190908,0.00810714263009806,0.0114544490886782,0.00388251578994499,0.00302018314115901,0.00297304205268293,0.000898125306392883,0.00322496104307972,0.010113202988602,0.000684257220498787,0.00456259875729114,0.00231436555530501,0.00727658469983096,0.00567575245844003,0.00199498288653751,0,0.00407211515894447,0.00571603396553602
"ENSG00000271204.1",0.00312977554248389,0.00653421357657052,0.00135259317477671,0.00384098933694468,0.00302032310398251,0.00973905641060817,0.0107855807347624,0.00652973842340364,0.00415339939421532,0.00422531697845675,0.000617621917745113,0.0109230423007907,0.00097373316518004,0.00110444104102059,0.00497537273044162,0.00156954034180965,0.00992211420441289,0.00443434486099526,0.00479014232151061,0.00118707017275616,0.00506216565312176,0.0163345728006451,0.000430707432189724,0.00280718458730181,0.0139688797231345,0.000415667596619934,0.000414079115959024,0.0101242303488376,0.0106576559997526,0.00224749443311108,0.000407456190286346,0.00105734238295913,0.00233216673176084,0.000664029783234069,2.10753499519542e-05,0.00165056299908714,0.0024223019888825,0.0018726650909544,0.000635309150302501,0.00064350829564598,0.00195580336867942,0.000699705327300255,0.00091064092701061,0.000446366523028593,0.000726866004110211,0.000142233229802278,0.0018044726169907,0.00034733281283414,0.00197733073711765,0.00302921603056474,0.00211520770424181,0.00364668955725138,0.000268332837264872,0.000649056059154464,0.000317305511646078,0.000422150951051278,0.00186937296287776,0.00388605000261433,0.00179665920522309,0.00166980839544117,0.00521986290019783,0.00523777987073604,0.00105906383407786,0.000668282023450667,0.000300633529329265,0.00111868061420451,0.00102166474775973,0.00204665056554968,0.00170345940083453,0.000448640731008292,0.000784694366018351,0.00309829208532197,0.00111199464818101,0.000539995335490678,0.000373919071541167,0.000586102273117039,0.00231392181573489,0.00373137138662157,0.00201598223031593,0.00124691591784605,0.00259674897477311,0.00393720743141761,0.00421441033610712,0.00161137454075134,0.00150135003818392,0.00173371705143996,0.000298649376415524,0.00177747354815993,0.00422383685139057,0.000198668504176412,0.00197887526026453,0.00106334323571195,0.00359864695326866,0.00194405915556152,0.000561709689233372,0.00407211515894447,0,0.0027263763608209
"ENSG00000271533.1",0.00469539653402903,0.0098494935047859,0.00165009341691958,0.00699859360000458,0.004437292211297,0.0178858384615607,0.0165954321070461,0.0122900350447592,0.00985206457565714,0.00920967591131904,0.000499016015917102,0.0178919981661334,0.00158977099509718,0.00144643841712654,0.00839642523960132,0.00290412132638842,0.0192174058913291,0.00801820411621717,0.00881032649785893,0.0023638267519479,0.00859689910161148,0.0209572388502283,0.0012777543866409,0.00597799364445388,0.0213624187801539,0.00113702433994502,0.000980731682527598,0.0129664202322116,0.0180029962904179,0.00415653745758412,0.000691944993656818,0.00132090386751253,0.00388628756474278,0.000981553834971053,2.40956692724522e-05,0.00286122371409846,0.00475279746356738,0.00300906837747878,0.001764737160956,0.00126154452500657,0.00133640945812194,0.000580909137949799,0.00224828614437453,0.000562529235645794,0.00114029041409409,0.000121068295664067,0.00259418074989108,0.000567096524897563,0.00346576050118547,0.00553820608746397,0.00299295741658009,0.00767482393546383,0.00100907337979451,0.000775694834669825,0.000117498984504651,0.000504959873608499,0.00426219794407569,0.00654360270705616,0.00247803109580046,0.00286709757851572,0.00792997343937767,0.0080288283599406,0.0017948047774375,0.000606239395484079,0.00132994456555791,0.00266289155829822,0.00120278616795079,0.00344984742435472,0.00281841854896384,0.000529632938690763,0.00208373795892729,0.00377942776646501,0.00280452932299748,0.000828002410279857,0.000402075514916916,0.00159018284569638,0.00387545031443724,0.00817719395363722,0.00246515186902798,0.00299821560721842,0.00490580547898516,0.00688162766667769,0.00629894226943407,0.00310198871862978,0.00246384061365711,0.00244736303060035,0.000625900462564502,0.00262412086899187,0.00907233282697167,0.00118050411518176,0.00324330372968613,0.00134567176896332,0.00501284193427828,0.00265232552403268,0.00141145656929102,0.00571603396553602,0.0027263763608209,0
